0.944
1.768										
2.628										
3.44										
4.288										
5.168										
6										
6.828										
7.684										
8.548										
9.364										
10.28										
11.192										
12.024										
12.868										
13.748										
14.556										
15.368										
16.228										
17.108										
17.916										
18.792										
19.672										
20.468										
21.324										
22.2										
23.008										
23.868										
24.744										
25.536										
26.344										
27.192										
28.036										
28.808										
29.628										
30.452										
31.244										
32.076										
32.952										
33.756										
34.58										
35.436										
36.288										
37.088										
37.924										
38.752										
39.5										
40.276										
41.108										
41.932										
42.72										
43.584										
44.468										
45.272										
46.152										
47.036										
47.824										
48.684										
49.556										
50.32										
51.14										
51.96										
52.744										
53.564										
54.396										
55.208										
56.004										
56.836										
57.648										
58.404										
59.228										
60.124										
60.948										
61.812										
62.692										
63.516										
64.348										
65.204										
65.992										
66.816										
67.648										
68.44										
69.22										
70.064										
70.88										
71.656										
72.488										
73.352										
74.128										
74.96										
75.804										
76.616										
77.364										
78.148										
78.972										
79.752										
80.58										
81.44										
82.256										
83.044										
83.876										
84.716										
85.476										
86.272										
87.1										
87.856										
88.656										
89.492										
90.276										
91.064										
91.884										
92.704										
93.476										
94.32										
95.152										
95.9										
96.7										
97.512										
98.256										
99.052										
99.876										
100.624										
101.44										
102.288										
103.048										
103.88										
104.724										
105.488										
106.3										
107.148										
107.904										
108.708										
109.544										
110.3										
111.096										
111.92										
112.736										
113.504										
114.32										
115.132										
115.876										
116.68										
117.508										
118.296										
119.064										
119.872										
120.708										
121.472										
122.304										
123.14										
123.908										
124.708										
125.54										
126.372										
127.12										
127.932										
128.78										
129.564										
130.36										
131.232										
132.084										
132.848										
133.66										
134.496										
135.28										
136.072										
136.9										
137.724										
138.472										
139.272										
140.088										
140.88										
141.648										
142.448										
143.256										
144.008										
144.808										
145.632										
146.404										
147.188										
148.008										
148.832										
149.576										
150.372										
151.18										
151.92										
152.696										
153.512										
154.364										
155.132										
155.932										
156.756										
157.488										
158.224										
158.972										
159.748										
160.464										
161.208										
161.984										
162.764										
163.512										
164.296										
165.112										
165.868										
166.636										
167.412										
168.172										
168.892										
169.656										
170.44										
171.152										
171.908										
172.688										
173.456										
174.172										
174.944										
175.748										
176.484										
177.24										
178.04										
178.84										
179.584										
180.376										
181.184										
181.932										
182.624										
183.352										
184.108										
184.884										
185.604										
186.364										
187.156										
188.02										
188.836										
189.648										
190.484										
191.34										
192.116										
192.916										
193.728										
194.512										
195.256										
196.06										
196.876										
197.648										
198.4										
199.188										
199.968										
200.68										
201.448										
202.252										
203.044										
203.752										
204.508										
205.276										
206.004										
206.704										
207.42										
208.164										
208.96										
209.716										
210.496										
211.32										
212.136										
212.896										
213.692										
214.528										
215.34										
216.084										
216.86										
217.664										
218.436										
219.132										
219.864										
220.616										
221.388										
222.096										
222.836										
223.64										
224.472										
225.232										
226.032										
226.856										
227.632										
228.384										
229.152										
229.924										
230.648										
231.392										
232.196										
233.052										
233.836										
234.684										
235.532										
236.332										
237.116										
237.912										
238.676										
239.388										
240.148										
240.92										
241.68										
242.456										
243.236										
244.06										
244.808										
245.592										
246.38										
247.12										
247.86										
248.632										
249.432										
250.184										
250.976										
251.8										
252.624										
253.372										
254.16										
254.96										
255.692										
256.44										
257.208										
258.004										
258.728										
259.472										
260.228										
260.988										
261.708										
262.488										
263.28										
264.044										
264.796										
265.576										
266.38										
267.112										
267.88										
268.68										
269.456										
270.196										
271.008										
271.848										
272.608										
273.432										
274.284										
275.06										
275.848										
276.656										
277.448										
278.172										
278.928										
279.74										
280.584										
281.352										
282.18										
283.016										
283.796										
284.6										
285.416										
286.164										
286.9										
287.68										
288.48										
289.228										
289.976										
290.756										
291.568										
292.308										
293.052										
293.824										
294.636										
295.416										
296.2										
297.02										
297.852										
