0.32
1.02										
1.672										
2.3										
2.924										
3.54										
4.164										
4.768										
5.356										
5.944										
6.54										
7.152										
7.784										
8.408										
9.044										
9.692										
10.38										
11.096										
11.8										
12.532										
13.304										
14.024										
14.72										
15.432										
16.168										
16.9										
17.624										
18.376										
19.144										
19.868										
20.616										
21.364										
22.08										
22.8										
23.564										
24.344										
25.068										
25.82										
26.596										
27.364										
28.112										
28.888										
29.656										
30.392										
31.176										
31.976										
32.72										
33.472										
34.26										
35.08										
35.812										
36.564										
37.34										
38.088										
38.852										
39.648										
40.408										
41.168										
41.964										
42.776										
43.52										
44.308										
45.104										
45.88										
46.648										
47.416										
48.172										
48.904										
49.68										
50.468										
51.2										
51.964										
52.756										
53.532										
54.272										
55.04										
55.84										
56.584										
57.388										
58.196										
58.964										
59.708										
60.496										
61.332										
62.12										
62.892										
63.688										
64.46										
65.216										
65.976										
66.756										
67.48										
68.236										
69.024										
69.792										
70.52										
71.276										
72.048										
72.796										
73.548										
74.308										
75.06										
75.776										
76.536										
77.336										
78.092										
78.86										
79.644										
80.464										
81.204										
81.952										
82.692										
83.396										
84.08										
84.8										
85.548										
86.296										
87.056										
87.868										
88.676										
89.4										
90.132										
90.888										
91.664										
92.4										
93.14										
93.896										
94.628										
95.392										
96.192										
96.976										
97.704										
98.464										
99.256										
100.016										
100.8										
101.624										
102.404										
103.192										
104.008										
104.812										
105.548										
106.308										
107.104										
107.86										
108.612										
109.38										
110.144										
110.9										
111.7										
112.492										
113.232										
114.012										
114.82										
115.624										
116.396										
117.196										
118.008										
118.76										
119.556										
120.352										
121.104										
121.872										
122.664										
123.456										
124.184										
124.948										
125.712										
126.456										
127.196										
127.956										
128.7										
129.452										
130.244										
131.04										
131.768										
132.528										
133.3										
134.048										
134.84										
135.64										
136.416										
137.148										
137.912										
138.72										
139.468										
140.228										
141.02										
141.816										
142.56										
143.348										
144.176										
144.936										
145.748										
146.564										
147.34										
148.104										
148.884										
149.704										
150.44										
151.2										
151.972										
152.732										
153.504										
154.3										
155.068										
155.82										
156.62										
157.428										
158.192										
158.992										
159.812										
160.66										
161.416										
162.204										
162.996										
163.752										
164.512										
165.256										
166.012										
166.724										
167.468										
168.252										
169.028										
169.756										
170.52										
171.316										
172.104										
172.872										
173.66										
174.424										
175.156										
175.932										
176.74										
177.5										
178.276										
179.072										
179.892										
180.64										
181.396										
182.176										
182.924										
183.7										
184.468										
185.22										
185.92										
186.652										
187.424										
188.156										
188.848										
189.568										
190.288										
190.98										
191.668										
192.308										
192.972										
193.668										
194.332										
195.06										
195.816										
196.572										
197.284										
198.028										
198.796										
199.556										
200.26										
200.976										
201.744										
202.512										
203.344										
204.156										
204.888										
205.664										
206.452										
207.22										
208.004										
208.772										
209.5										
210.204										
210.952										
211.716										
212.44										
213.204										
214.02										
214.804										
215.544										
216.316										
217.116										
217.852										
218.64										
219.428										
220.192										
220.972										
221.784										
222.596										
223.344										
224.104										
224.868										
225.596										
226.348										
227.16										
227.988										
228.74										
229.524										
230.328										
