-28
-51
-44
-27
-23
-21
-16
-23
-32
-33
-35
-37
-38
-47
-52
-38
-26
-29
-26
-29
-66
-96
-80
-59
-57
-36
0
-21
-79
-100
-82
-82
-90
-63
-22
-29
-67
-65
-31
-46
-98
-94
-50
-59
-83
-49
-12
-40
-77
-83
-93
-111
-108
-94
-66
-34
-48
-85
-60
-21
-45
-54
4
0
-82
-89
-28
-43
-85
-55
-36
-95
-124
-86
-66
-87
-76
-42
-50
-90
-67
5
27
23
112
220
216
197
255
207
22
-34
74
113
91
131
114
-41
-151
-156
-162
-171
-151
-172
-203
-194
-210
-254
-220
-148
-142
-199
-269
-268
-53
371
879
1297
1183
58
-1838
-3810
-5466
-6457
-6181
-4703
-2917
-1408
-211
463
514
388
457
612
753
858
840
751
745
745
699
751
847
769
646
695
784
758
737
766
763
745
770
796
832
873
849
782
770
751
675
655
725
755
766
848
938
959
986
1025
1001
914
842
831
912
1034
1129
1224
1323
1297
1196
1239
1402
1456
1450
1537
1610
1543
1501
1589
1673
1651
1594
1556
1508
1367
1154
1019
986
828
522
335
293
132
-96
-126
-51
-155
-356
-426
-405
-470
-567
-534
-409
-401
-515
-558
-510
-557
-652
-615
-532
-579
-630
-559
-493
-521
-537
-530
-550
-537
-447
-378
-362
-360
-399
-488
-512
-441
-365
-317
-269
-275
-342
-395
-410
-414
-367
-291
-270
-294
-284
-289
-327
-311
-237
-218
-250
-274
-316
-383
-381
-328
-323
-361
-352
-312
-297
-300
-289
-314
-403
-465
-406
-320
-317
-341
-320
-347
-426
-417
-315
-290
-327
-293
-209
-196
-226
-234
-246
-302
-353
-336
-270
-252
-269
-218
-137
-177
-258
-225
-194
-292
-306
-146
-83
-208
-254
-193
-231
-323
-265
-135
-113
-169
-170
-125
-132
-210
-240
-179
-143
-188
-180
-82
-42
-111
-157
-144
-161
-224
-222
-127
-48
-70
-91
-22
26
-56
-127
-84
-67
-150
-164
-72
-46
-116
-124
-74
-72
-88
-29
65
137
194
247
264
237
154
52
-1
1
2
27
101
158
140
111
97
49
-47
-134
-174
-177
-212
-267
-250
-183
-193
-211
-156
-190
-333
-232
199
685
1127
1377
845
-636
-2414
-4000
-5274
-5702
-4896
-3468
-2148
-926
121
569
525
531
641
626
570
634
699
648
558
562
626
648
653
741
809
733
648
669
637
545
592
715
697
668
764
802
696
650
689
668
619
647
682
677
647
603
605
691
727
697
768
895
852
772
890
1027
970
945
1093
1174
1097
1112
1254
1304
1247
1281
1402
1456
1425
1427
1448
1413
1354
1326
1253
1118
1000
875
673
517
470
353
124
21
35
-81
-285
-339
-334
-431
-489
-389
-315
-375
-472
-540
-592
-602
-607
-643
-658
-632
-654
-680
-603
-492
-490
-547
-555
-524
-522
-527
-483
-398
-371
-416
-438
-409
-422
-458
-445
-432
-456
-417
-341
-329
-321
-277
-351
-482
-419
-254
-267
-332
-260
-248
-395
-401
-225
-203
-359
-374
-252
-238
-306
-274
-239
-353
-481
-414
-269
-249
-313
-331
-367
-444
-434
-323
-256
-242
-228
-261
-339
-345
-311
-322
-302
-207
-192
-269
-284
-257
-317
-377
-340
-297
-316
-313
-272
-257
-284
-294
-253
-185
-174
-198
-159
-103
-165
-238
-183
-136
-213
-226
-100
-39
-105
-135
-113
-137
-183
-173
-129
-94
-96
-102
-65
-16
-54
-129
-147
-149
-190
-179
-101
-64
-83
-75
-70
-107
-129
-96
-60
-31
-3
-5
-58
-119
-170
-192
-163
-114
-110
-123
-112
-79
-13
103
188
175
104
27
-57
-100
-76
-36
-4
45
66
43
40
47
-37
-143
-153
-141
-205
-239
-188
-169
-206
-152
-1
73
-37
-200
-211
0
380
905
1343
1113
-120
-1952
-3823
-5392
-6157
-5652
-4246
-2706
-1303
-114
518
605
633
778
810
744
760
804
762
727
787
892
941
919
878
863
838
801
796
832
848
828
786
753
764
805
809
803
833
835
753
711
772
809
737
663
639
610
595
688
834
885
821
793
845
869
845
895
980
962
940
1126
1372
1396
1286
1303
1370
1327
1330
1553
1740
1618
1398
1388
1406
1214
1036
1082
1043
726
455
420
313
41
-100
-51
-97
-254
-297
-227
-248
-373
-454
-453
-477
-560
-591
-492
-407
-453
-499
-427
-405
-503
-515
-395
-386
-483
-451
-327
-318
-362
-332
-312
-360
-369
-327
-307
-297
-262
-249
-239
-177
-113
-124
-160
-159
-142
-154
-171
-159
-123
-128
-172
-175
-129
-148
-222
-215
-137
-127
-149
-107
-74
-134
-174
-136
-98
-99
-95
-101
-129
-156
-175
-197
-204
-221
-260
-276
-224
-158
-134
-160
-187
-201
-234
-290
-282
-234
-253
-287
-203
-109
-114
-99
-41
-108
-230
-229
-216
-295
-274
-135
-97
-150
-132
-137
-225
-237
-142
-105
-138
-186
-262
-324
-286
-203
-131
-60
-40
-108
-149
-131
-154
-200
-169
-136
-165
-159
-88
-86
-149
-164
-121
-106
-108
-89
-64
-74
-94
-67
-6
-11
-79
-100
-62
-72
-102
-69
-38
-106
-172
-125
-38
-28
-56
-57
-65
-129
-161
-81
7
-21
-59
-2
65
98
209
351
358
264
195
116
34
44
91
64
51
103
107
66
79
52
-78
-147
-91
-73
-87
-40
-53
-186
-192
-10
75
-49
-155
-126
5
348
986
1511
1236
-76
-1973
-3929
-5584
-6396
-5860
-4322
-2661
-1261
-100
569
640
574
713
847
847
858
895
863
828
843
873
906
903
805
737
790
825
779
824
937
921
833
855
882
797
748
839
906
857
807
834
843
803
832
972
1032
937
878
925
884
797
888
1035
994
966
1140
1245
1153
1177
1339
1329
1227
1351
1549
1555
1536
1679
1779
1701
1613
1621
1617
1556
1496
1472
1416
1253
1013
838
741
618
470
375
257
61
-87
-128
-188
-278
-317
-345
-414
-430
-387
-389
-442
-477
-522
-575
-574
-554
-589
-606
-558
-531
-535
-449
-333
-345
-427
-415
-397
-491
-546
-447
-396
-472
-456
-342
-389
-513
-452
-352
-437
-487
-358
-305
-407
-396
-276
-261
-308
-272
-240
-289
-338
-335
-313
-285
-280
-306
-329
-337
-360
-372
-354
-333
-343
-373
-389
-358
-333
-372
-408
-361
-316
-319
-280
-217
-280
-406
-419
-358
-353
-355
-315
-306
-341
-338
-316
-311
-313
-349
-445
-462
-344
-271
-319
-315
-259
-341
-479
-420
-274
-297
-397
-350
-264
-324
-430
-395
-312
-355
-431
-325
-147
-157
-273
-238
-163
-250
-329
-218
-137
-217
-253
-185
-195
-250
-229
-217
-247
-176
-86
-138
-189
-117
-142
-287
-246
-43
-26
-139
-97
-20
-129
-210
-80
32
-27
-64
-20
-66
-192
-200
-115
-77
-54
19
33
-48
-96
-70
-62
-64
-33
-17
-41
-47
-54
-86
-78
-40
-69
-84
24
148
174
203
256
208
93
63
79
55
33
53
70
103
164
189
146
85
13
-53
-67
-55
-95
-155
-190
-216
-210
-95
53
60
-87
-190
-112
147
591
1188
1500
934
-511
-2280
-4010
-5431
-5925
-5179
-3798
-2420
-1091
40
556
593
652
792
811
803
858
860
788
748
735
733
761
769
720
711
756
749
685
675
709
700
667
708
782
771
698
705
765
753
713
773
830
762
706
784
837
790
794
863
826
749
812
924
916
887
935
954
911
958
1098
1201
1255
1323
1362
1360
1376
1422
1447
1460
1469
1450
1414
1404
1403
1373
1293
1174
1040
903
723
508
315
152
-23
-159
-201
-201
-240
-315
-401
-461
-484
-500
-530
-534
-554
-653
-738
-684
-595
-598
-614
-570
-574
-659
-710
-668
-634
-668
-685
-597
-517
-559
-603
-519
-463
-530
-538
-427
-409
-497
-492
-389
-340
-346
-340
-316
-311
-370
-455
-426
-329
-348
-410
-332
-274
-379
-416
-285
-261
-362
-335
-248
-316
-385
-310
-279
-365
-362
-275
-290
-371
-352
-290
-306
-349
-307
-243
-270
-340
-317
-258
-295
-363
-347
-329
-363
-352
-298
-292
-263
-194
-221
-301
-253
-209
-323
-367
-206
-152
-299
-324
-176
-173
-324
-351
-253
-268
-385
-387
-247
-177
-234
-240
-149
-169
-308
-334
-230
-189
-192
-137
-117
-197
-247
-224
-190
-152
-107
-98
-109
-132
-171
-165
-116
-160
-243
-196
-129
-212
-239
-76
-4
-131
-168
-77
-108
-218
-171
-43
-11
-9
89
213
249
208
178
157
74
-39
-51
16
36
30
88
112
35
-24
-12
-31
-68
-57
-81
-192
-272
-284
-270
-180
-20
2
-140
-178
32
388
862
1320
1250
246
-1434
-3275
-4917
-5927
-5831
-4724
-3203
-1718
-468
319
580
599
651
731
767
780
798
791
763
760
798
800
745
717
754
776
773
789
786
739
740
784
777
752
803
842
789
753
800
801
734
751
854
866
804
825
885
827
749
814
923
940
974
1079
1098
990
942
1015
1092
1136
1205
1273
1281
1270
1346
1497
1591
1573
1553
1554
1481
1400
1481
1612
1572
1431
1337
1164
857
637
575
460
262
140
79
-35
-141
-184
-256
-389
-493
-551
-589
-571
-494
-470
-527
-561
-536
-546
-599
-606
-566
-583
-627
-569
-452
-448
-539
-566
-527
-531
-533
-451
-371
-396
-446
-423
-364
-347
-362
-356
-319
-305
-320
-305
-273
-331
-417
-369
-265
-281
-309
-229
-217
-340
-344
-216
-237
-392
-397
-308
-344
-394
-274
-155
-227
-336
-301
-247
-316
-389
-333
-272
-320
-350
-274
-247
-332
-367
-308
-301
-343
-321
-281
-307
-329
-306
-298
-309
-307
-328
-362
-349
-314
-321
-324
-297
-296
-315
-275
-193
-151
-184
-247
-294
-295
-257
-188
-108
-77
-140
-225
-238
-195
-176
-190
-207
-217
-227
-220
-176
-119
-111
-150
-181
-183
-176
-153
-117
-80
-32
3
-37
-87
-51
-9
-51
-55
14
-21
-157
-161
-55
-39
-59
2
11
-82
-106
-55
-68
-62
26
25
-78
-69
-8
-92
-166
-45
41
-59
-85
63
89
-53
-84
16
8
-52
48
196
157
31
17
45
14
63
244
356
308
276
312
270
144
93
119
111
105
196
298
282
185
115
71
7
-59
-78
-69
-90
-148
-166
-95
9
40
-20
-99
-109
5
329
894
1387
1201
90
-1605
-3502
-5292
-6299
-5960
-4662
-3163
-1656
-270
499
607
631
750
724
679
842
971
895
847
899
864
795
846
914
872
823
849
872
837
803
813
814
759
726
795
892
907
896
915
899
819
768
777
802
817
833
861
909
933
918
929
970
960
935
972
1009
1009
1074
1185
1242
1290
1368
1371
1340
1406
1482
1480
1545
1685
1705
1647
1687
1701
1560
1446
1435
1323
1105
961
847
640
443
330
201
48
-56
-154
-265
-303
-293
-325
-344
-331
-391
-499
-520
-516
-578
-588
-497
-478
-549
-532
-449
-467
-525
-474
-396
-427
-476
-441
-417
-476
-507
-467
-455
-476
-439
-397
-403
-375
-312
-344
-412
-366
-297
-332
-342
-259
-241
-305
-302
-266
-313
-360
-332
-321
-319
-241
-176
-237
-305
-302
-341
-429
-423
-342
-312
-311
-270
-247
-287
-344
-366
-340
-280
-249
-264
-270
-273
-332
-386
-364
-330
-348
-365
-358
-359
-348
-298
-251
-244
-268
-312
-362
-365
-297
-209
-174
-188
-207
-228
-282
-321
-290
-266
-317
-339
-264
-223
-274
-274
-197
-186
-243
-201
-85
-76
-164
-169
-117
-194
-338
-297
-139
-130
-199
-127
-74
-215
-298
-170
-100
-162
-125
-42
-110
-163
-61
-20
-113
-128
-85
-136
-163
-61
-2
-53
-70
-25
0
18
30
-17
-90
-122
-119
-65
50
126
81
-6
-37
-18
-9
-14
6
55
40
-42
-26
89
57
-106
-95
48
19
-70
48
172
53
-61
48
168
149
150
231
262
224
227
282
284
174
48
21
74
143
235
314
275
133
21
-34
-67
-54
2
0
-89
-181
-212
-183
-115
-83
-134
-153
16
360
830
1353
1483
652
-999
-2797
-4422
-5669
-5898
-4884
-3410
-2120
-879
194
581
451
475
662
642
577
756
925
824
705
779
826
707
635
695
696
602
576
636
676
702
734
716
664
646
638
642
726
824
772
630
593
640
627
624
738
832
775
720
783
800
707
705
825
857
815
901
1035
1040
1038
1162
1231
1169
1174
1274
1293
1279
1370
1461
1448
1446
1480
1424
1311
1276
1290
1240
1129
998
833
598
334
166
125
70
-78
-189
-207
-271
-403
-440
-396
-451
-586
-621
-559
-551
-595
-582
-559
-638
-739
-711
-611
-584
-586
-521
-471
-513
-544
-498
-475
-505
-491
-430
-416
-430
-410
-392
-409
-408
-379
-374
-387
-370
-344
-347
-352
-307
-237
-226
-278
-294
-280
-341
-414
-341
-227
-248
-289
-217
-189
-280
-312
-253
-257
-304
-284
-257
-293
-330
-336
-334
-309
-260
-237
-266
-334
-399
-423
-413
-385
-323
-267
-280
-311
-287
-264
-278
-276
-278
-330
-338
-273
-258
-297
-286
-286
-370
-397
-302
-245
-270
-267
-262
-307
-310
-254
-236
-233
-214
-287
-399
-346
-213
-225
-266
-190
-191
-337
-358
-236
-231
-298
-239
-168
-208
-201
-120
-133
-187
-140
-104
-170
-188
-128
-151
-215
-156
-66
-106
-170
-127
-93
-157
-190
-107
-26
-35
-67
-76
-123
-216
-239
-132
-8
13
-25
-27
-21
-59
-82
-41
-16
-72
-108
-21
106
129
76
64
69
10
-13
123
278
277
242
308
294
94
-35
50
108
50
109
273
245
78
88
197
110
-53
-25
41
-76
-185
-89
12
-25
-24
31
-70
-208
-35
405
861
1242
1223
251
-1580
-3526
-5133
-6168
-6106
-4823
-3094
-1608
-392
454
680
567
598
741
794
838
912
898
850
878
899
859
845
848
802
787
856
885
814
760
770
770
753
786
854
885
870
866
906
925
858
785
809
854
828
831
921
946
873
884
975
961
905
978
1057
1009
1016
1171
1261
1244
1312
1428
1420
1391
1503
1637
1668
1695
1760
1752
1665
1634
1665
1625
1497
1390
1305
1146
947
831
753
568
318
146
30
-115
-219
-208
-181
-247
-355
-419
-462
-519
-551
-533
-505
-493
-477
-478
-517
-552
-561
-581
-585
-530
-509
-578
-606
-541
-523
-568
-528
-427
-414
-441
-390
-328
-359
-421
-431
-414
-425
-443
-406
-316
-257
-275
-312
-343
-407
-453
-387
-262
-205
-223
-260
-296
-308
-285
-271
-281
-281
-301
-368
-373
-268
-222
-290
-291
-202
-221
-320
-304
-235
-282
-358
-326
-261
-248
-249
-227
-201
-201
-248
-282
-242
-209
-257
-298
-289
-321
-368
-311
-204
-182
-213
-214
-211
-236
-262
-256
-226
-218
-255
-276
-237
-204
-222
-230
-199
-173
-167
-164
-161
-149
-159
-229
-275
-211
-160
-225
-253
-164
-144
-220
-200
-126
-199
-314
-281
-212
-221
-182
-77
-74
-155
-169
-142
-168
-204
-189
-153
-128
-118
-107
-71
-45
-72
-92
-49
-20
-58
-90
-81
-85
-89
-52
-19
-35
-81
-139
-186
-173
-116
-76
-48
-17
-32
-95
-127
-112
-122
-131
-66
8
-16
-57
-25
-41
-181
-259
-186
-126
-104
42
242
283
218
202
172
66
-16
-41
-79
-94
-35
26
39
43
8
-89
-138
-81
-37
-75
-126
-185
-292
-348
-265
-153
-142
-232
-358
-369
-107
399
989
1430
1238
52
-1742
-3468
-4908
-5805
-5567
-4278
-2823
-1583
-392
450
598
511
645
780
775
837
900
785
671
708
750
780
895
964
871
776
768
746
703
727
791
831
835
807
801
868
905
814
728
756
765
704
751
909
932
808
785
876
875
821
882
955
898
875
990
1061
1047
1120
1206
1146
1115
1261
1374
1372
1447
1575
1577
1543
1586
1592
1555
1590
1595
1487
1412
1378
1229
1058
1012
927
686
473
364
231
96
65
51
-61
-205
-287
-333
-397
-455
-450
-425
-452
-482
-452
-457
-547
-598
-568
-533
-471
-381
-385
-467
-490
-513
-585
-536
-358
-312
-391
-367
-313
-394
-447
-341
-266
-311
-307
-247
-276
-338
-309
-272
-300
-304
-260
-255
-250
-177
-126
-173
-222
-237
-297
-371
-332
-221
-183
-213
-217
-225
-284
-314
-253
-190
-188
-200
-225
-286
-306
-268
-275
-305
-268
-272
-386
-423
-338
-334
-382
-311
-239
-297
-306
-234
-273
-348
-289
-267
-376
-372
-234
-243
-360
-342
-272
-332
-383
-276
-170
-223
-323
-321
-276
-303
-333
-263
-190
-231
-279
-235
-202
-233
-227
-188
-193
-200
-170
-171
-192
-173
-177
-231
-219
-157
-172
-211
-167
-142
-206
-232
-177
-166
-203
-203
-179
-166
-146
-129
-122
-109
-127
-183
-177
-107
-89
-105
-64
-48
-122
-155
-101
-104
-170
-185
-192
-252
-236
-105
-18
-9
33
57
-41
-151
-128
-56
-23
40
168
245
212
158
150
123
29
-54
-48
-3
25
73
157
197
143
35
-61
-127
-175
-210
-199
-162
-182
-237
-221
-156
-137
-174
-232
-244
-60
359
841
1167
1012
-28
-1861
-3832
-5441
-6407
-6243
-4873
-3085
-1550
-289
516
606
455
607
786
733
769
919
809
596
669
820
759
713
818
838
736
710
752
748
720
707
718
777
827
821
848
915
875
770
787
871
851
806
849
881
836
820
859
862
824
823
875
954
1040
1102
1108
1092
1110
1145
1146
1159
1251
1353
1363
1368
1479
1590
1565
1528
1603
1655
1581
1540
1595
1580
1441
1317
1224
1050
805
605
467
342
214
110
4
-150
-303
-340
-296
-307
-372
-412
-486
-592
-570
-426
-384
-457
-492
-507
-567
-544
-415
-382
-499
-574
-545
-516
-491
-406
-332
-356
-424
-425
-375
-355
-379
-380
-352
-352
-372
-331
-258
-246
-278
-266
-249
-296
-347
-312
-249
-243
-270
-273
-278
-308
-304
-226
-169
-205
-259
-256
-255
-263
-210
-144
-170
-219
-216
-244
-307
-289
-254
-314
-341
-239
-184
-228
-218
-186
-276
-351
-276
-202
-232
-238
-220
-271
-318
-276
-242
-255
-250
-237
-251
-242
-218
-240
-282
-291
-283
-254
-201
-173
-188
-190
-182
-199
-222
-230
-258
-296
-281
-202
-128
-112
-148
-189
-222
-243
-215
-116
-37
-60
-130
-154
-167
-210
-216
-138
-79
-107
-131
-88
-77
-130
-128
-61
-79
-160
-157
-102
-123
-147
-87
-47
-93
-112
-81
-82
-98
-67
-35
-30
-20
-22
-59
-70
-75
-132
-163
-80
-12
-27
-4
56
-7
-134
-149
-96
-89
-56
36
70
27
24
68
83
74
99
153
197
229
286
323
224
20
-70
2
52
64
181
279
155
-30
-40
-11
-99
-166
-112
-82
-132
-155
-106
-27
35
-7
-149
-203
-34
299
787
1344
1446
547
-1131
-2932
-4519
-5637
-5726
-4669
-3186
-1885
-722
232
631
589
600
717
706
672
780
839
741
701
769
738
652
705
777
670
579
691
770
654
625
810
886
739
696
825
814
661
701
880
887
789
816
827
698
647
755
810
807
875
891
789
790
904
913
890
1015
1102
1039
1068
1238
1291
1261
1339
1421
1378
1377
1477
1523
1512
1549
1567
1526
1510
1503
1424
1330
1250
1104
902
744
607
431
254
133
39
-59
-162
-231
-248
-277
-377
-458
-477
-534
-616
-567
-456
-470
-535
-511
-532
-648
-653
-519
-469
-499
-464
-428
-502
-568
-532
-483
-488
-483
-438
-400
-413
-434
-408
-367
-374
-374
-330
-335
-409
-404
-323
-311
-343
-297
-262
-325
-362
-302
-270
-299
-313
-315
-334
-308
-244
-216
-227
-249
-319
-403
-403
-334
-313
-349
-363
-350
-368
-382
-321
-237
-256
-333
-346
-331
-380
-412
-372
-370
-428
-411
-352
-372
-407
-346
-294
-328
-333
-263
-275
-395
-437
-321
-220
-225
-217
-157
-211
-381
-431
-306
-244
-308
-313
-235
-251
-353
-382
-329
-326
-360
-317
-204
-163
-223
-268
-251
-271
-332
-309
-197
-149
-163
-124
-66
-106
-178
-193
-212
-273
-275
-212
-181
-173
-117
-87
-154
-225
-214
-192
-182
-116
-26
-27
-82
-106
-129
-166
-124
-35
-33
-77
-37
-27
-140
-185
-72
-46
-152
-133
-1
-29
-134
-79
20
-23
-52
30
51
-44
-89
-59
-44
-34
9
22
-13
-33
2
52
66
33
-1
-16
-28
-8
106
238
274
259
297
291
130
-39
-26
68
91
124
232
232
65
-48
-1
34
-13
-37
-42
-131
-258
-301
-224
-72
67
56
-85
-141
0
272
731
1306
1370
355
-1357
-3090
-4708
-5937
-5955
-4702
-3170
-1867
-545
510
767
607
681
825
747
699
836
908
849
844
924
968
944
881
826
794
774
774
823
879
896
886
863
818
787
786
792
808
854
878
866
860
862
842
837
857
852
840
883
930
922
901
908
906
904
938
1005
1089
1184
1250
1288
1335
1378
1387
1423
1513
1597
1654
1727
1765
1718
1654
1652
1647
1583
1494
1393
1213
971
781
683
575
410
251
111
-57
-191
-226
-234
-285
-327
-369
-447
-488
-454
-467
-528
-518
-481
-533
-570
-514
-505
-589
-611
-564
-557
-554
-470
-390
-382
-403
-419
-450
-472
-468
-428
-358
-308
-321
-336
-335
-386
-451
-406
-339
-380
-420
-347
-308
-344
-302
-211
-259
-377
-400
-377
-383
-330
-228
-200
-240
-256
-274
-318
-348
-343
-332
-311
-294
-297
-323
-372
-432
-438
-393
-371
-364
-313
-303
-381
-420
-361
-340
-370
-342
-306
-350
-363
-295
-265
-294
-277
-260
-314
-350
-304
-286
-344
-382
-344
-307
-323
-333
-264
-193
-208
-236
-181
-158
-245
-306
-258
-223
-244
-250
-240
-238
-194
-146
-167
-181
-125
-148
-276
-288
-173
-201
-343
-306
-144
-165
-267
-173
-34
-126
-242
-131
0
-62
-117
-66
-108
-240
-226
-127
-123
-116
-32
-66
-195
-166
-51
-105
-173
-55
19
-100
-115
49
76
-68
-90
-24
-81
-142
-27
94
73
28
34
-6
-67
-56
-15
-17
-1
54
88
93
117
116
67
64
161
241
256
297
364
341
275
276
263
147
69
110
154
170
251
309
239
153
153
132
58
21
12
-46
-98
-88
-50
13
104
67
-133
-209
34
427
889
1396
1399
254
-1699
-3616
-5204
-6242
-6051
-4610
-2906
-1535
-336
508
657
512
621
793
768
764
892
907
795
776
860
863
785
753
781
780
770
825
901
894
854
862
853
771
742
824
878
837
829
874
852
787
825
897
866
809
843
878
872
905
942
892
860
911
933
937
1052
1168
1155
1161
1284
1343
1318
1381
1504
1543
1580
1698
1785
1768
1736
1713
1649
1558
1510
1510
1475
1320
1102
916
739
532
407
371
249
-3
-184
-235
-278
-335
-321
-298
-393
-554
-608
-564
-557
-589
-547
-501
-576
-668
-627
-588
-656
-664
-541
-507
-612
-638
-555
-554
-598
-516
-384
-393
-460
-423
-345
-363
-406
-380
-352
-385
-390
-323
-259
-258
-287
-325
-334
-301
-278
-315
-330
-294
-299
-342
-286
-203
-284
-447
-465
-412
-425
-385
-235
-202
-320
-356
-305
-351
-401
-340
-336
-441
-417
-280
-275
-362
-354
-361
-483
-549
-460
-370
-355
-360
-343
-316
-316
-372
-407
-379
-393
-476
-458
-327
-273
-334
-338
-268
-259
-325
-329
-256
-250
-339
-334
-206
-180
-316
-377
-331
-361
-420
-317
-173
-201
-329
-365
-328
-312
-320
-292
-243
-245
-299
-280
-184
-158
-213
-209
-188
-236
-243
-155
-150
-229
-220
-170
-223
-262
-203
-175
-214
-198
-159
-171
-187
-180
-197
-204
-191
-189
-167
-91
-53
-72
-82
-114
-198
-202
-113
-82
-109
-75
-56
-122
-155
-108
-98
-119
-98
-78
-102
-96
-70
-81
-93
-62
-50
-88
-135
-145
-105
-40
-8
7
24
-16
-110
-122
-55
-31
-37
24
86
86
89
133
155
160
175
183
156
106
53
38
62
93
122
153
125
55
46
79
28
-53
-74
-103
-192
-213
-147
-105
-80
-55
-145
-257
-121
235
616
1062
1342
794
-694
-2448
-4083
-5507
-6108
-5384
-3914
-2460
-1093
76
588
549
533
651
676
684
755
732
619
630
740
799
830
865
791
661
664
774
804
787
828
837
736
688
756
797
764
781
826
796
742
774
825
804
762
794
848
841
811
841
873
855
877
994
1071
1053
1040
1044
994
997
1135
1257
1283
1379
1530
1542
1481
1550
1625
1572
1569
1707
1764
1678
1598
1524
1368
1203
1055
871
705
611
482
320
224
132
-64
-229
-247
-223
-263
-305
-312
-329
-411
-489
-462
-397
-464
-562
-517
-469
-563
-585
-476
-484
-579
-525
-470
-562
-581
-485
-517
-555
-401
-309
-417
-413
-311
-409
-539
-419
-311
-394
-393
-265
-291
-401
-370
-307
-338
-323
-249
-245
-282
-269
-268
-307
-329
-336
-364
-363
-312
-251
-218
-204
-208
-244
-319
-368
-344
-312
-334
-325
-269
-289
-382
-379
-300
-290
-310
-249
-208
-279
-361
-360
-341
-340
-323
-296
-306
-330
-326
-307
-309
-291
-243
-233
-284
-285
-231
-254
-339
-320
-247
-261
-287
-222
-213
-303
-321
-241
-211
-201
-151
-149
-215
-238
-243
-281
-274
-191
-131
-101
-72
-95
-181
-242
-279
-289
-228
-155
-165
-155
-77
-83
-187
-189
-111
-143
-220
-148
-36
-77
-167
-102
15
-31
-147
-99
-13
-123
-259
-157
-39
-127
-153
42
112
-35
-71
26
-17
-102
-13
104
78
39
52
32
-15
-22
-17
-9
2
-10
-21
25
57
31
32
87
101
102
175
267
289
290
298
286
254
225
179
143
139
145
161
236
306
281
206
157
80
-22
-61
-44
-65
-103
-110
-106
-84
3
61
-35
-208
-219
29
479
1035
1425
1098
-220
-2125
-4000
-5496
-6189
-5652
-4188
-2628
-1277
-86
619
660
596
784
870
741
777
917
812
655
779
940
909
900
995
972
864
862
910
877
837
846
867
885
908
914
920
900
838
819
897
947
916
894
894
842
803
860
955
983
965
970
994
968
932
991
1085
1052
990
1065
1159
1135
1174
1358
1475
1467
1522
1628
1638
1599
1625
1653
1622
1562
1513
1462
1382
1253
1126
1007
819
580
445
367
198
34
1
-98
-353
-487
-412
-419
-516
-447
-317
-415
-579
-545
-469
-529
-550
-454
-427
-507
-531
-504
-517
-536
-509
-484
-460
-431
-453
-526
-542
-500
-467
-424
-341
-307
-345
-366
-333
-314
-321
-329
-345
-378
-394
-381
-335
-267
-224
-251
-279
-270
-297
-380
-368
-246
-194
-246
-234
-194
-291
-418
-356
-242
-278
-333
-279
-286
-396
-398
-270
-221
-264
-288
-314
-395
-438
-398
-337
-321
-355
-410
-433
-421
-391
-343
-296
-305
-339
-346
-341
-345
-334
-353
-417
-436
-384
-351
-321
-255
-247
-338
-387
-377
-395
-382
-259
-179
-231
-277
-250
-283
-372
-366
-266
-243
-303
-308
-264
-305
-374
-311
-182
-189
-270
-261
-222
-264
-261
-145
-88
-181
-266
-263
-252
-265
-244
-198
-180
-216
-258
-230
-145
-149
-233
-231
-151
-170
-222
-150
-63
-121
-192
-146
-86
-92
-80
-19
35
34
17
58
152
177
139
145
134
7
-57
57
135
83
103
154
32
-114
-62
-18
-138
-194
-96
-89
-193
-205
-132
-103
-66
-15
-71
-183
-121
168
632
1193
1465
870
-602
-2397
-4107
-5461
-5887
-5107
-3696
-2303
-999
92
607
616
590
651
666
686
780
824
786
754
756
769
809
832
800
756
754
760
751
735
722
705
710
737
767
770
741
683
637
648
707
748
752
740
743
772
812
809
784
792
803
775
809
925
970
922
953
1042
1049
1033
1113
1186
1200
1262
1370
1411
1422
1474
1525
1544
1585
1625
1589
1484
1410
1393
1336
1188
1067
992
800
508
376
369
222
21
3
-18
-225
-353
-256
-237
-374
-428
-410
-494
-556
-474
-408
-466
-522
-526
-525
-517
-490
-486
-495
-506
-513
-487
-422
-417
-505
-579
-547
-465
-412
-383
-340
-342
-438
-530
-477
-366
-361
-411
-377
-343
-413
-459
-345
-215
-225
-290
-273
-248
-307
-356
-282
-202
-249
-334
-330
-321
-380
-394
-318
-306
-372
-374
-320
-330
-343
-313
-346
-432
-418
-364
-390
-393
-309
-310
-383
-349
-285
-363
-423
-329
-270
-329
-309
-238
-314
-434
-370
-250
-260
-290
-229
-218
-302
-312
-206
-146
-167
-175
-178
-237
-284
-259
-210
-182
-165
-176
-188
-158
-138
-188
-203
-149
-175
-269
-219
-94
-142
-263
-203
-122
-240
-338
-201
-85
-171
-221
-110
-86
-210
-233
-112
-96
-204
-225
-157
-168
-199
-112
-21
-84
-167
-139
-109
-151
-147
-101
-118
-148
-103
-73
-100
-108
-98
-119
-99
-25
12
-12
-45
-93
-111
-61
-11
1
42
41
-68
-127
-39
13
9
112
251
247
226
286
266
118
21
1
-2
51
156
198
174
129
60
5
24
33
-21
-69
-101
-174
-206
-131
-28
16
-12
-89
-64
192
628
1122
1445
1063
-293
-2165
-3999
-5554
-6305
-5729
-4250
-2696
-1243
20
630
620
607
732
752
759
878
896
795
785
833
817
821
831
745
689
796
909
912
902
907
839
748
740
811
889
934
931
922
894
807
741
814
907
897
900
964
921
822
884
1017
1003
961
1026
1057
988
1001
1117
1191
1219
1312
1433
1486
1485
1520
1591
1631
1643
1726
1835
1840
1790
1807
1767
1576
1444
1485
1458
1282
1151
1045
774
482
400
382
224
68
22
-65
-235
-296
-243
-271
-388
-425
-402
-439
-482
-436
-407
-478
-533
-510
-523
-550
-462
-351
-399
-482
-450
-441
-541
-548
-426
-398
-484
-471
-385
-395
-457
-432
-386
-405
-425
-374
-311
-299
-327
-337
-325
-319
-318
-286
-256
-280
-338
-359
-343
-329
-339
-335
-295
-269
-310
-329
-263
-236
-321
-342
-248
-238
-331
-305
-212
-276
-396
-344
-265
-338
-381
-257
-207
-346
-414
-322
-321
-411
-340
-191
-256
-395
-327
-215
-294
-360
-268
-258
-403
-415
-257
-191
-252
-258
-242
-305
-359
-317
-254
-211
-176
-190
-255
-273
-269
-312
-299
-143
-41
-128
-229
-219
-241
-317
-271
-122
-91
-182
-223
-200
-220
-249
-222
-184
-177
-160
-147
-172
-192
-174
-185
-208
-157
-85
-125
-210
-197
-121
-107
-126
-116
-107
-153
-214
-202
-91
-4
-34
-86
-47
-23
-77
-56
94
176
139
143
202
169
75
27
-1
-56
-83
-64
-20
47
97
60
-5
-45
-104
-174
-146
-80
-121
-216
-218
-175
-148
-103
-85
-128
-61
221
639
1112
1371
843
-588
-2328
-3906
-5166
-5598
-4837
-3458
-2187
-1023
20
528
535
544
635
622
629
755
789
715
709
722
663
682
774
720
580
592
663
632
643
766
767
651
661
746
696
652
757
813
702
636
683
674
590
605
712
744
658
624
725
797
728
720
849
845
672
698
904
900
800
998
1238
1159
1095
1297
1340
1128
1147
1402
1435
1335
1424
1500
1347
1223
1240
1183
1050
979
856
644
514
430
212
16
13
2
-147
-194
-115
-218
-494
-584
-493
-508
-582
-505
-426
-522
-612
-549
-507
-561
-579
-570
-632
-656
-579
-534
-538
-467
-408
-494
-569
-490
-425
-458
-424
-314
-341
-474
-490
-400
-393
-445
-419
-358
-379
-406
-333
-254
-289
-343
-318
-296
-333
-324
-251
-228
-277
-300
-298
-324
-354
-326
-253
-212
-268
-345
-326
-269
-307
-327
-219
-184
-346
-414
-266
-208
-320
-312
-219
-310
-449
-358
-221
-250
-264
-170
-191
-314
-294
-174
-174
-210
-153
-143
-252
-289
-210
-174
-200
-179
-168
-240
-303
-285
-239
-179
-119
-151
-272
-329
-299
-289
-264
-146
-84
-192
-279
-189
-100
-128
-126
-63
-122
-247
-224
-113
-104
-124
-76
-76
-169
-200
-164
-181
-218
-180
-146
-160
-139
-72
-55
-80
-96
-118
-150
-130
-53
24
60
48
5
-24
-39
-57
-43
19
41
-1
-13
41
59
17
-9
-8
-38
-61
-13
68
110
143
189
194
156
141
112
24
-17
60
117
104
129
156
48
-91
-118
-110
-140
-127
-98
-142
-200
-223
-270
-262
-131
-102
-294
-364
-98
266
648
1176
1362
477
-1261
-3044
-4645
-5932
-6167
-5069
-3502
-2136
-828
275
641
521
599
811
774
700
826
873
704
637
777
876
849
842
869
844
790
789
816
812
783
780
789
788
805
851
860
822
811
826
800
777
825
896
916
912
911
900
887
897
936
1008
1057
1032
1003
1065
1134
1125
1144
1257
1324
1319
1389
1518
1532
1491
1560
1658
1642
1621
1667
1644
1539
1524
1553
1462
1328
1275
1169
937
743
652
520
326
178
83
-57
-236
-342
-327
-308
-370
-418
-397
-446
-560
-554
-478
-543
-629
-554
-486
-546
-516
-381
-401
-511
-456
-383
-493
-574
-482
-465
-571
-536
-386
-403
-512
-475
-396
-455
-492
-381
-305
-363
-369
-274
-259
-342
-358
-329
-377
-441
-402
-343
-333
-306
-265
-291
-319
-281
-269
-318
-302
-250
-295
-352
-288
-250
-345
-403
-326
-278
-306
-290
-256
-322
-403
-376
-302
-277
-269
-269
-320
-389
-393
-357
-345
-342
-309
-275
-264
-273
-301
-345
-358
-321
-273
-253
-244
-242
-270
-303
-270
-205
-225
-315
-329
-265
-253
-284
-243
-192
-261
-367
-338
-228
-206
-261
-265
-235
-265
-313
-262
-143
-92
-138
-177
-171
-185
-231
-218
-139
-104
-144
-161
-145
-163
-189
-157
-122
-134
-142
-135
-177
-217
-165
-93
-107
-114
-41
-16
-113
-181
-159
-164
-211
-175
-86
-68
-111
-140
-152
-148
-124
-102
-78
-28
-23
-97
-144
-102
-60
-31
67
200
243
218
218
239
228
190
142
82
23
11
64
155
219
226
176
86
-14
-62
-43
-13
-2
22
27
-59
-168
-142
-32
-47
-161
-89
197
472
798
1303
1405
405
-1338
-3025
-4567
-5812
-5896
-4638
-3087
-1851
-629
412
717
576
642
830
807
728
774
824
793
755
754
792
830
790
700
687
738
728
672
703
804
826
763
767
840
834
755
751
796
773
728
762
811
803
777
778
786
810
841
856
872
892
858
810
859
965
990
998
1101
1193
1157
1144
1283
1426
1447
1477
1588
1631
1545
1493
1557
1604
1544
1503
1554
1549
1388
1221
1127
962
705
551
498
359
164
76
21
-120
-226
-209
-244
-392
-439
-322
-279
-385
-432
-398
-500
-660
-597
-425
-457
-576
-541
-504
-589
-573
-430
-406
-452
-387
-353
-438
-427
-326
-371
-456
-371
-287
-359
-379
-264
-216
-265
-253
-203
-217
-247
-228
-204
-214
-261
-306
-285
-216
-203
-234
-221
-222
-319
-365
-247
-140
-185
-227
-183
-207
-313
-308
-204
-192
-276
-304
-272
-258
-260
-243
-223
-234
-305
-392
-388
-297
-268
-321
-317
-259
-291
-355
-308
-241
-298
-359
-293
-213
-223
-233
-210
-238
-301
-298
-249
-232
-235
-221
-220
-240
-246
-234
-240
-252
-240
-214
-200
-200
-218
-247
-255
-235
-224
-221
-205
-190
-192
-176
-147
-163
-218
-234
-218
-215
-200
-150
-132
-168
-174
-134
-139
-172
-139
-103
-169
-211
-120
-60
-130
-131
-15
-9
-118
-96
21
4
-88
-74
-39
-97
-140
-57
83
202
282
317
299
213
44
-100
-86
8
15
7
105
156
11
-130
-93
-66
-197
-271
-182
-184
-376
-451
-262
-65
-16
5
-23
-196
-290
-7
569
1157
1436
966
-423
-2269
-4038
-5441
-6001
-5325
-3878
-2419
-1094
34
546
500
500
668
694
656
731
741
633
626
708
723
728
753
700
656
733
772
683
654
714
685
604
649
725
670
606
685
777
742
694
751
803
758
742
825
846
747
728
840
859
762
776
879
854
805
957
1136
1086
992
1081
1165
1102
1147
1399
1552
1490
1484
1586
1550
1400
1406
1530
1543
1479
1464
1386
1179
1001
914
785
598
438
268
49
-104
-139
-172
-248
-282
-278
-322
-398
-428
-449
-522
-574
-521
-462
-502
-539
-482
-467
-552
-562
-459
-455
-551
-531
-441
-489
-566
-471
-348
-384
-444
-411
-426
-531
-540
-416
-336
-340
-307
-251
-289
-380
-390
-336
-328
-353
-351
-358
-401
-413
-361
-303
-270
-263
-313
-398
-417
-365
-339
-326
-256
-204
-255
-303
-265
-264
-348
-366
-285
-258
-291
-266
-230
-288
-349
-316
-276
-291
-286
-243
-245
-296
-316
-295
-296
-334
-329
-253
-212
-255
-253
-180
-192
-286
-278
-216
-280
-369
-313
-248
-305
-336
-257
-222
-278
-307
-296
-321
-352
-335
-294
-266
-240
-213
-197
-180
-159
-172
-231
-281
-281
-262
-224
-143
-68
-84
-170
-243
-273
-266
-231
-192
-165
-156
-177
-198
-142
-39
-11
-62
-82
-75
-118
-160
-107
-40
-68
-114
-67
-7
-33
-66
-36
-47
-141
-171
-81
-27
-51
-2
113
119
79
196
354
320
223
261
257
64
-63
37
140
130
176
287
273
135
47
47
36
-24
-69
-45
-17
-79
-150
-88
40
58
-28
-93
-87
14
320
886
1421
1326
288
-1375
-3217
-4967
-6068
-5886
-4649
-3170
-1743
-392
442
581
578
753
826
767
843
946
872
787
823
833
778
776
816
828
822
792
727
682
700
754
812
852
862
842
791
749
784
842
821
794
860
890
794
746
811
807
718
741
860
897
866
882
928
936
924
952
1047
1144
1158
1145
1208
1278
1271
1295
1415
1483
1455
1481
1572
1579
1517
1506
1512
1459
1396
1353
1254
1080
883
684
505
398
334
230
89
-38
-167
-295
-355
-351
-372
-436
-496
-539
-558
-524
-480
-480
-480
-465
-508
-569
-518
-424
-444
-500
-463
-428
-470
-467
-378
-342
-405
-455
-439
-411
-420
-444
-432
-404
-425
-440
-353
-259
-295
-365
-333
-298
-347
-361
-295
-287
-339
-304
-220
-237
-304
-304
-310
-378
-374
-279
-259
-318
-319
-308
-381
-427
-367
-321
-344
-337
-296
-303
-334
-325
-305
-319
-334
-326
-321
-324
-308
-278
-274
-298
-332
-368
-391
-382
-353
-310
-247
-222
-279
-335
-325
-324
-348
-297
-204
-204
-251
-218
-163
-197
-264
-280
-268
-267
-261
-212
-140
-121
-173
-200
-153
-124
-166
-201
-186
-181
-202
-187
-119
-62
-78
-128
-127
-88
-99
-126
-74
-8
-51
-130
-123
-88
-104
-113
-72
-59
-105
-140
-129
-111
-118
-127
-116
-91
-76
-67
-49
-47
-82
-111
-101
-84
-93
-106
-112
-114
-90
-33
7
-11
-73
-124
-139
-135
-127
-95
-57
-67
-85
-26
49
36
13
79
143
132
156
237
217
86
17
35
28
17
86
167
155
81
-1
-89
-144
-135
-121
-121
-98
-124
-240
-257
-85
25
-83
-208
-204
-133
81
614
1256
1394
623
-872
-2649
-4396
-5740
-6085
-5229
-3754
-2295
-964
139
663
644
577
674
735
703
723
797
820
798
803
848
883
856
782
731
728
736
735
759
819
858
828
780
795
843
846
836
869
865
775
728
800
869
866
881
927
915
874
887
935
955
953
956
975
1005
1029
1054
1111
1181
1226
1265
1338
1411
1429
1402
1394
1441
1526
1600
1648
1673
1649
1554
1451
1421
1417
1321
1155
1015
871
644
432
335
244
78
-40
-64
-127
-246
-313
-363
-472
-541
-503
-464
-469
-445
-426
-497
-580
-558
-497
-505
-529
-495
-471
-520
-539
-456
-408
-495
-554
-473
-436
-537
-536
-375
-353
-492
-450
-264
-301
-454
-362
-209
-323
-452
-316
-204
-319
-372
-247
-218
-321
-326
-257
-286
-346
-330
-310
-326
-309
-280
-292
-293
-244
-211
-218
-237
-270
-311
-313
-289
-279
-265
-245
-269
-293
-253
-226
-289
-330
-277
-250
-291
-271
-209
-258
-351
-303
-185
-181
-241
-243
-241
-290
-303
-229
-164
-183
-248
-264
-213
-176
-206
-233
-211
-196
-207
-178
-131
-147
-218
-254
-222
-159
-124
-142
-193
-253
-312
-317
-235
-147
-136
-164
-182
-197
-191
-145
-103
-80
-68
-96
-141
-113
-72
-132
-187
-103
-42
-115
-122
-11
-38
-176
-129
21
-25
-138
-93
-69
-186
-181
-13
42
-8
45
87
-17
-90
-37
-31
-86
-63
0
10
27
64
57
36
54
75
101
167
184
70
-52
-63
-33
-20
66
204
209
60
-26
2
-35
-152
-160
-81
-124
-256
-253
-145
-113
-127
-101
-140
-220
-88
325
841
1270
1221
233
-1521
-3375
-4975
-6042
-5995
-4790
-3247
-1863
-549
442
735
674
721
744
633
655
806
828
777
837
892
839
811
859
829
708
658
709
719
701
789
912
889
801
815
838
756
702
754
780
729
698
693
663
626
625
690
809
856
785
759
842
864
814
869
972
929
852
938
1099
1172
1197
1251
1311
1324
1297
1318
1422
1485
1456
1501
1639
1647
1521
1461
1415
1230
1055
1014
944
760
584
427
235
60
-53
-120
-131
-158
-285
-394
-396
-457
-589
-564
-430
-458
-559
-498
-413
-500
-590
-533
-490
-560
-587
-506
-453
-488
-514
-495
-495
-520
-503
-452
-423
-436
-473
-510
-496
-419
-332
-278
-264
-312
-391
-408
-352
-308
-286
-253
-243
-285
-315
-315
-335
-381
-410
-409
-371
-315
-296
-307
-285
-256
-278
-302
-279
-285
-342
-344
-269
-241
-292
-341
-359
-386
-399
-349
-265
-243
-295
-340
-341
-362
-401
-374
-301
-312
-377
-348
-256
-253
-293
-258
-226
-309
-386
-333
-253
-273
-324
-314
-290
-321
-340
-268
-169
-181
-277
-314
-276
-271
-288
-228
-133
-153
-267
-325
-296
-282
-292
-238
-147
-146
-216
-233
-203
-223
-238
-174
-120
-157
-190
-170
-181
-222
-191
-135
-151
-185
-161
-151
-184
-175
-113
-88
-97
-69
8
91
148
158
140
79
-50
-158
-119
-29
-20
-5
77
55
-87
-138
-92
-142
-236
-226
-206
-273
-300
-239
-202
-198
-171
-226
-378
-388
-127
270
755
1233
1177
128
-1555
-3257
-4778
-5798
-5657
-4427
-2991
-1765
-570
320
519
430
576
731
651
620
743
732
601
611
709
717
701
710
677
648
697
717
662
650
681
656
658
759
808
731
695
741
729
673
705
739
669
632
739
819
761
706
728
707
669
753
882
876
818
852
917
951
1051
1186
1224
1208
1253
1287
1267
1317
1440
1483
1471
1514
1547
1499
1469
1476
1431
1351
1291
1176
996
853
735
550
360
250
161
36
-54
-72
-95
-177
-263
-303
-333
-410
-471
-459
-433
-450
-434
-380
-395
-476
-504
-489
-513
-520
-433
-350
-362
-386
-351
-356
-428
-432
-333
-273
-282
-270
-276
-372
-412
-308
-234
-273
-256
-193
-256
-331
-209
-68
-124
-206
-154
-147
-258
-279
-153
-88
-142
-155
-89
-95
-208
-279
-234
-199
-235
-228
-150
-159
-270
-302
-207
-148
-172
-172
-139
-187
-294
-305
-206
-168
-226
-235
-170
-190
-287
-299
-239
-267
-330
-274
-167
-184
-252
-229
-200
-281
-342
-290
-252
-283
-254
-197
-241
-301
-251
-214
-267
-270
-219
-271
-350
-297
-211
-224
-232
-183
-193
-280
-312
-279
-264
-276
-253
-200
-184
-231
-244
-183
-154
-206
-218
-171
-181
-232
-187
-99
-99
-141
-125
-101
-124
-145
-107
-54
-44
-71
-72
-58
-83
-120
-90
-42
-52
-70
-27
9
-3
8
89
178
233
260
249
160
21
-76
-75
-21
45
106
112
40
-11
8
25
8
8
-23
-135
-241
-281
-309
-294
-163
-16
-28
-141
-160
-4
283
718
1179
1166
190
-1532
-3372
-5017
-6200
-6271
-5045
-3339
-1879
-595
441
774
560
508
720
785
715
805
947
896
772
802
887
849
757
766
830
827
794
828
874
859
850
916
953
899
846
848
834
813
865
945
939
879
846
822
775
769
839
925
965
983
994
970
923
938
1033
1127
1168
1194
1211
1200
1202
1284
1406
1493
1539
1561
1545
1530
1578
1655
1665
1625
1573
1470
1307
1201
1160
1052
850
668
515
336
166
70
18
-34
-127
-258
-350
-373
-429
-508
-466
-359
-397
-523
-547
-530
-603
-652
-575
-490
-500
-526
-505
-476
-498
-536
-510
-429
-411
-468
-481
-435
-454
-511
-478
-396
-404
-445
-400
-331
-349
-377
-330
-288
-325
-347
-298
-263
-277
-250
-194
-194
-242
-261
-272
-298
-304
-282
-277
-271
-242
-224
-241
-255
-268
-296
-313
-294
-270
-250
-239
-257
-296
-309
-317
-336
-297
-193
-167
-253
-317
-315
-339
-360
-288
-183
-181
-258
-297
-270
-260
-297
-303
-250
-249
-321
-324
-237
-226
-293
-281
-206
-216
-259
-225
-181
-215
-243
-206
-169
-190
-212
-207
-212
-234
-212
-143
-97
-98
-93
-88
-116
-136
-112
-122
-180
-186
-132
-114
-98
-29
-1
-75
-119
-93
-97
-117
-58
-6
-45
-75
-36
-58
-135
-119
-36
-40
-67
-4
24
-91
-153
-47
37
12
74
232
256
170
215
293
163
-25
-21
18
-46
8
231
279
109
30
36
-89
-189
-97
-32
-118
-154
-135
-195
-186
5
71
-124
-245
-118
83
437
1102
1557
1012
-458
-2162
-3806
-5255
-5817
-5051
-3621
-2329
-1135
14
625
591
525
700
805
744
781
907
885
729
687
794
861
797
746
782
796
731
716
784
789
686
645
731
803
783
777
809
778
695
708
817
872
820
767
760
762
760
798
859
874
823
775
786
854
922
964
998
1039
1050
1055
1136
1267
1320
1323
1363
1387
1347
1385
1520
1570
1510
1503
1507
1405
1306
1317
1279
1093
900
795
660
451
288
219
125
-28
-135
-165
-231
-355
-430
-419
-420
-450
-446
-424
-476
-574
-631
-640
-631
-585
-543
-561
-583
-558
-568
-610
-574
-513
-564
-613
-544
-499
-552
-532
-447
-439
-439
-356
-345
-431
-437
-378
-392
-379
-278
-274
-399
-426
-354
-364
-408
-358
-329
-388
-393
-309
-283
-304
-282
-267
-320
-322
-250
-253
-355
-383
-343
-388
-474
-427
-347
-416
-517
-458
-382
-455
-523
-444
-381
-427
-428
-323
-271
-322
-377
-400
-435
-460
-434
-353
-256
-186
-173
-193
-237
-299
-338
-297
-230
-208
-233
-273
-333
-365
-323
-245
-200
-189
-211
-257
-292
-279
-249
-230
-216
-207
-251
-322
-336
-290
-266
-245
-189
-195
-325
-393
-300
-207
-183
-98
-24
-110
-217
-163
-102
-166
-224
-201
-212
-245
-199
-106
-83
-126
-175
-191
-180
-163
-149
-95
-22
-3
-31
-20
0
-53
-127
-98
-12
3
-39
-33
-8
-42
-73
-2
71
27
-44
-2
76
106
163
271
284
192
142
146
76
-25
-30
31
48
60
108
107
1
-82
-51
4
-24
-68
-70
-114
-242
-294
-175
-16
26
-25
-97
-120
-6
346
905
1356
1151
41
-1631
-3389
-4954
-5851
-5580
-4373
-2962
-1616
-347
499
710
674
718
738
691
735
842
867
805
744
724
747
751
722
740
818
818
736
705
718
655
601
695
841
863
828
847
847
759
711
761
795
759
751
789
808
804
825
849
855
850
838
816
832
889
963
1046
1120
1124
1100
1121
1147
1143
1230
1393
1456
1439
1528
1644
1623
1564
1591
1579
1473
1399
1378
1302
1174
1022
825
630
517
408
229
73
13
-71
-223
-294
-241
-259
-401
-467
-379
-341
-413
-419
-339
-379
-517
-537
-470
-525
-612
-539
-433
-476
-511
-432
-418
-509
-490
-394
-407
-455
-389
-339
-388
-415
-389
-414
-448
-410
-325
-259
-237
-255
-256
-263
-341
-405
-348
-316
-389
-365
-211
-194
-304
-305
-244
-301
-358
-299
-234
-251
-276
-276
-263
-263
-296
-320
-282
-260
-291
-277
-228
-289
-380
-335
-251
-278
-290
-215
-223
-359
-391
-273
-208
-253
-245
-180
-209
-322
-342
-261
-214
-216
-169
-118
-154
-235
-273
-296
-314
-286
-243
-254
-246
-179
-158
-220
-226
-182
-223
-281
-189
-80
-129
-188
-107
-72
-170
-189
-86
-96
-195
-167
-73
-104
-144
-76
-59
-155
-154
-50
-40
-81
-2
63
-25
-88
0
36
-56
-84
-1
7
-62
-53
30
43
-13
-42
-27
-41
-85
-91
-43
-26
-52
-49
-12
-27
-57
-35
-12
-47
-42
27
42
0
33
105
110
116
222
295
239
186
213
175
43
-23
14
12
-14
51
161
173
112
58
0
-86
-136
-115
-66
-72
-132
-165
-119
-72
-86
-152
-232
-230
19
527
1077
1310
834
-528
-2440
-4323
-5722
-6246
-5610
-4127
-2514
-1159
-93
520
614
550
664
818
825
810
898
932
829
765
840
878
818
815
890
869
785
792
845
815
787
824
826
773
809
911
926
863
849
840
768
734
832
937
941
926
975
996
943
931
1015
1037
955
951
1067
1095
1032
1068
1143
1066
993
1135
1339
1408
1456
1561
1590
1500
1465
1543
1601
1550
1495
1509
1487
1341
1202
1134
995
755
599
523
371
168
48
-44
-175
-287
-341
-385
-440
-508
-542
-506
-471
-505
-511
-474
-512
-576
-518
-460
-524
-561
-519
-578
-672
-618
-536
-584
-606
-542
-550
-600
-528
-429
-440
-468
-430
-422
-455
-433
-360
-337
-369
-395
-399
-417
-436
-425
-387
-370
-373
-370
-337
-281
-237
-259
-291
-274
-270
-328
-318
-217
-207
-308
-312
-244
-276
-331
-264
-202
-234
-238
-195
-219
-271
-296
-340
-369
-312
-279
-306
-263
-191
-263
-361
-319
-273
-329
-324
-256
-282
-346
-297
-234
-253
-273
-263
-301
-331
-281
-199
-164
-169
-198
-226
-239
-239
-221
-174
-153
-171
-159
-114
-129
-161
-126
-106
-181
-207
-127
-101
-173
-169
-111
-168
-272
-212
-66
-34
-71
-37
-21
-127
-214
-149
-65
-79
-95
-49
-55
-131
-163
-139
-153
-185
-182
-148
-109
-74
-64
-57
-41
-47
-80
-75
-56
-59
-45
-8
-15
3
119
216
215
250
305
201
15
-11
45
18
18
141
207
147
99
81
3
-65
-69
-88
-151
-182
-206
-254
-254
-152
-55
-90
-225
-233
27
459
947
1380
1291
231
-1500
-3217
-4649
-5533
-5340
-4160
-2802
-1599
-427
408
596
565
694
764
675
707
853
861
751
712
742
747
694
638
642
677
657
638
694
751
726
701
737
787
795
768
735
741
744
691
657
714
728
638
615
722
760
695
701
785
773
694
720
845
905
898
932
994
966
895
933
1072
1166
1216
1303
1382
1365
1331
1364
1406
1403
1420
1461
1451
1384
1321
1223
1059
906
811
671
475
344
274
125
-49
-106
-140
-301
-430
-394
-385
-509
-525
-404
-424
-568
-552
-462
-530
-602
-490
-424
-545
-616
-550
-565
-649
-602
-494
-515
-563
-508
-468
-537
-550
-451
-416
-497
-495
-393
-388
-468
-420
-298
-309
-385
-341
-284
-351
-420
-377
-348
-384
-378
-328
-347
-399
-389
-345
-352
-371
-350
-321
-340
-367
-346
-320
-375
-437
-387
-294
-309
-362
-340
-331
-425
-466
-377
-321
-385
-419
-382
-376
-393
-330
-253
-254
-272
-251
-277
-340
-320
-256
-286
-330
-285
-280
-385
-399
-300
-314
-421
-380
-271
-278
-265
-109
-54
-190
-254
-179
-198
-268
-186
-76
-149
-244
-188
-117
-147
-148
-95
-118
-222
-266
-221
-161
-136
-123
-113
-141
-215
-229
-151
-104
-131
-114
-88
-154
-199
-110
-62
-128
-119
-26
-59
-152
-125
-74
-137
-182
-128
-91
-114
-92
-14
57
103
158
206
209
166
136
112
38
-56
-76
-62
-62
-9
106
154
124
103
67
-24
-96
-136
-183
-208
-194
-199
-162
-59
-76
-253
-288
-83
199
608
1132
1136
120
-1538
-3304
-5032
-6227
-6144
-4926
-3422
-1961
-548
397
601
545
660
765
720
777
963
974
804
778
901
900
805
849
919
830
753
852
930
897
913
983
983
972
969
898
852
917
912
818
869
1003
938
812
872
928
793
724
856
951
922
955
1042
1036
992
1044
1128
1171
1229
1329
1387
1384
1386
1417
1443
1490
1582
1683
1730
1729
1708
1675
1627
1604
1609
1584
1482
1339
1188
1018
853
753
658
467
225
75
-1
-92
-165
-164
-195
-306
-388
-386
-401
-450
-465
-452
-461
-445
-399
-393
-433
-452
-470
-513
-539
-523
-514
-504
-475
-452
-451
-439
-427
-421
-400
-376
-400
-436
-431
-383
-325
-280
-289
-323
-324
-327
-369
-344
-251
-250
-323
-276
-183
-228
-308
-282
-298
-389
-352
-204
-180
-237
-219
-217
-324
-376
-295
-234
-280
-316
-289
-291
-375
-426
-367
-295
-323
-353
-289
-238
-297
-347
-312
-290
-348
-401
-382
-310
-258
-262
-286
-280
-322
-444
-491
-371
-286
-341
-348
-244
-248
-362
-351
-233
-237
-315
-285
-200
-205
-244
-224
-184
-202
-254
-273
-244
-247
-288
-271
-196
-208
-293
-315
-294
-328
-320
-205
-123
-150
-166
-153
-200
-259
-219
-150
-153
-183
-167
-151
-159
-139
-77
-50
-88
-142
-171
-182
-174
-156
-139
-135
-137
-140
-111
-55
-26
-33
-7
38
55
95
202
248
179
120
99
3
-94
-56
42
69
87
122
97
33
1
-52
-116
-102
-83
-176
-236
-179
-184
-253
-146
1
-131
-329
-172
192
536
1021
1452
1040
-393
-2177
-3867
-5344
-6043
-5497
-4146
-2692
-1318
-152
497
649
669
731
782
790
779
774
795
784
753
805
882
816
713
756
807
708
663
776
816
729
762
889
875
781
801
830
758
724
784
773
702
729
807
794
778
863
922
855
814
894
956
919
928
1027
1053
952
908
987
1048
1067
1195
1382
1431
1375
1410
1492
1511
1536
1613
1611
1530
1498
1503
1460
1407
1328
1157
965
851
728
552
425
328
147
-32
-88
-113
-207
-294
-345
-412
-467
-460
-451
-457
-455
-491
-583
-609
-553
-526
-521
-452
-418
-503
-591
-598
-588
-550
-478
-453
-457
-410
-414
-497
-473
-360
-395
-474
-361
-232
-295
-322
-216
-246
-418
-429
-339
-381
-409
-252
-162
-272
-332
-277
-340
-451
-362
-214
-270
-354
-271
-236
-364
-374
-229
-251
-426
-419
-288
-305
-351
-213
-115
-258
-401
-339
-262
-292
-293
-241
-276
-359
-361
-309
-294
-294
-291
-302
-291
-225
-184
-214
-255
-262
-274
-286
-261
-220
-226
-254
-253
-230
-231
-249
-263
-267
-250
-202
-176
-184
-175
-155
-199
-237
-170
-103
-151
-179
-113
-117
-211
-200
-118
-146
-197
-120
-69
-150
-187
-112
-97
-145
-103
-17
-59
-161
-153
-81
-115
-193
-145
-55
-127
-236
-177
-113
-233
-297
-130
2
-54
-67
-5
-82
-236
-215
-84
-26
-6
54
91
97
120
127
88
68
46
-51
-122
-22
97
52
11
144
195
4
-111
-7
-47
-291
-326
-142
-176
-361
-289
-69
-66
-192
-232
-241
-204
92
676
1275
1421
688
-857
-2673
-4371
-5651
-5945
-5050
-3644
-2317
-1023
90
557
540
600
751
728
692
816
889
770
668
702
719
633
602
688
732
685
725
843
820
692
681
717
656
645
791
879
820
775
774
713
664
710
761
754
762
795
816
840
881
893
875
865
880
920
990
1047
1052
1041
1070
1100
1091
1118
1243
1353
1380
1442
1567
1560
1414
1363
1424
1411
1382
1484
1572
1463
1284
1154
998
793
631
507
381
262
142
11
-70
-114
-196
-269
-259
-279
-397
-482
-472
-484
-498
-415
-338
-398
-467
-449
-455
-494
-433
-352
-413
-516
-497
-465
-512
-502
-402
-393
-473
-454
-355
-341
-359
-311
-308
-412
-431
-307
-231
-262
-269
-267
-329
-356
-270
-192
-192
-227
-279
-324
-299
-266
-300
-328
-309
-343
-373
-268
-149
-189
-262
-256
-282
-344
-299
-217
-235
-279
-265
-276
-307
-291
-286
-339
-354
-336
-350
-325
-228
-210
-277
-277
-249
-333
-414
-365
-307
-322
-278
-175
-173
-273
-337
-359
-387
-370
-267
-166
-135
-146
-165
-214
-264
-259
-213
-203
-215
-191
-164
-219
-281
-245
-195
-248
-284
-194
-120
-169
-171
-63
-57
-193
-227
-129
-116
-181
-148
-77
-102
-138
-100
-88
-127
-145
-156
-168
-100
-15
-39
-81
-21
-12
-126
-154
-53
-73
-186
-130
21
7
-41
96
240
197
167
259
244
68
3
73
55
-9
80
200
158
73
84
56
-70
-152
-151
-187
-258
-285
-272
-235
-142
-38
-27
-141
-254
-179
154
654
1161
1321
633
-975
-2922
-4675
-5981
-6368
-5468
-3841
-2320
-1006
139
682
611
593
814
854
742
807
894
781
717
848
940
927
944
934
844
797
801
752
753
882
962
911
877
861
768
701
777
866
885
912
937
893
857
876
862
809
820
866
870
885
950
981
966
966
982
1003
1061
1119
1155
1245
1371
1396
1372
1438
1508
1472
1477
1612
1724
1741
1768
1792
1729
1614
1509
1405
1297
1168
997
835
730
599
403
242
135
-6
-148
-211
-244
-305
-353
-374
-375
-352
-357
-433
-483
-477
-514
-571
-516
-433
-470
-542
-533
-521
-553
-558
-520
-488
-474
-502
-540
-512
-451
-471
-510
-463
-420
-452
-425
-305
-268
-352
-389
-360
-384
-430
-372
-277
-284
-360
-375
-355
-396
-451
-409
-320
-305
-332
-283
-223
-273
-364
-353
-300
-312
-318
-248
-215
-280
-326
-302
-309
-343
-346
-375
-454
-451
-363
-349
-379
-312
-270
-384
-457
-358
-321
-426
-423
-274
-228
-289
-266
-213
-295
-408
-392
-318
-312
-328
-309
-303
-336
-338
-291
-259
-280
-302
-289
-272
-275
-274
-265
-255
-239
-216
-216
-231
-220
-186
-162
-133
-93
-91
-160
-227
-207
-129
-97
-118
-116
-127
-239
-324
-216
-54
-30
-25
55
42
-97
-142
-82
-88
-143
-139
-117
-111
-93
-80
-78
-51
-53
-92
-61
17
28
61
204
298
262
250
259
142
-15
-29
23
33
72
171
221
177
75
-35
-96
-112
-158
-191
-133
-101
-210
-292
-195
-60
-68
-179
-258
-191
59
489
1083
1553
1231
-145
-1954
-3595
-5004
-5796
-5312
-3865
-2458
-1314
-177
594
634
446
543
696
657
643
769
822
726
662
719
771
715
638
662
733
717
656
659
659
576
557
687
773
711
680
717
663
579
645
724
639
555
621
671
648
711
805
742
651
709
761
707
738
849
815
734
867
1056
1049
1018
1137
1195
1106
1135
1336
1420
1347
1351
1437
1414
1336
1367
1421
1330
1186
1111
1000
790
645
605
496
301
190
132
-13
-154
-168
-186
-291
-342
-323
-379
-460
-443
-427
-480
-465
-409
-485
-592
-556
-516
-581
-571
-449
-440
-534
-520
-447
-485
-553
-519
-440
-391
-333
-262
-242
-299
-387
-445
-444
-399
-320
-232
-194
-226
-263
-290
-344
-379
-330
-270
-273
-265
-219
-251
-359
-391
-336
-318
-323
-269
-214
-231
-256
-244
-259
-321
-356
-337
-295
-246
-207
-210
-241
-273
-333
-410
-409
-337
-317
-341
-287
-223
-281
-345
-267
-190
-232
-247
-174
-176
-262
-275
-237
-272
-329
-313
-255
-215
-202
-200
-195
-216
-280
-304
-242
-212
-263
-265
-200
-214
-274
-221
-131
-178
-261
-204
-120
-187
-276
-211
-125
-184
-226
-99
-3
-103
-166
-16
137
125
121
216
216
45
-91
-74
-35
-64
-62
17
66
19
-32
-42
-103
-225
-282
-262
-273
-283
-219
-199
-281
-278
-164
-209
-402
-379
-92
219
639
1202
1246
193
-1546
-3336
-5032
-6250
-6211
-4960
-3402
-1975
-608
350
542
417
517
673
646
664
831
870
728
684
792
819
727
708
787
803
747
753
796
728
590
579
722
822
804
816
887
846
720
751
885
838
690
720
822
776
748
877
922
786
731
813
816
752
804
931
988
1009
1076
1139
1141
1135
1217
1364
1438
1426
1459
1535
1535
1520
1604
1656
1574
1504
1489
1375
1202
1108
1002
804
659
587
440
254
155
70
-68
-170
-205
-242
-293
-338
-374
-400
-449
-522
-526
-464
-483
-582
-627
-640
-699
-710
-596
-485
-476
-519
-538
-527
-536
-583
-573
-465
-423
-501
-497
-386
-394
-502
-474
-366
-381
-429
-357
-293
-372
-459
-406
-309
-302
-311
-242
-235
-386
-469
-317
-175
-209
-213
-123
-174
-332
-326
-214
-226
-294
-272
-244
-288
-312
-274
-239
-231
-214
-184
-189
-250
-300
-289
-282
-297
-244
-158
-180
-261
-250
-204
-225
-229
-168
-151
-191
-197
-179
-183
-179
-165
-184
-221
-246
-268
-259
-209
-177
-170
-138
-119
-156
-164
-93
-57
-111
-150
-133
-142
-175
-135
-35
-8
-80
-132
-120
-140
-194
-164
-79
-89
-135
-66
11
-58
-121
-37
9
-81
-85
44
38
-122
-151
-41
-34
-101
-62
4
-36
-73
-22
0
-46
-61
-46
-58
-39
44
72
11
5
87
91
-13
-33
62
54
-75
-75
46
4
-155
-100
116
152
82
213
409
374
274
355
398
201
34
101
172
114
128
235
217
104
98
118
18
-64
-34
-67
-183
-190
-134
-188
-206
-30
74
-108
-273
-127
192
570
1098
1447
890
-689
-2614
-4353
-5719
-6252
-5549
-4053
-2534
-1188
-31
614
704
680
748
751
722
795
856
804
778
830
845
812
804
796
745
707
724
762
778
784
796
807
807
804
808
814
815
811
798
778
778
804
831
840
838
836
845
861
868
875
891
896
886
907
963
997
1008
1047
1104
1154
1236
1365
1465
1500
1529
1572
1573
1535
1528
1553
1549
1523
1531
1549
1514
1433
1334
1198
1010
809
622
465
371
316
224
88
-22
-101
-206
-306
-322
-305
-369
-473
-487
-457
-505
-557
-501
-465
-558
-612
-532
-506
-565
-511
-380
-386
-454
-409
-363
-428
-457
-398
-406
-470
-445
-387
-394
-381
-314
-320
-394
-407
-370
-367
-354
-299
-280
-327
-376
-395
-377
-330
-294
-285
-274
-276
-318
-351
-335
-316
-314
-299
-290
-316
-331
-311
-307
-338
-348
-339
-375
-443
-444
-370
-332
-360
-350
-301
-325
-382
-331
-240
-259
-324
-313
-308
-374
-402
-351
-330
-357
-338
-285
-280
-306
-302
-284
-286
-280
-247
-219
-217
-223
-223
-209
-193
-220
-289
-314
-281
-277
-292
-247
-205
-251
-285
-218
-160
-164
-153
-139
-185
-220
-189
-158
-142
-109
-114
-159
-148
-94
-82
-57
27
84
111
195
262
206
109
50
-31
-90
-22
93
129
131
122
48
-40
-74
-116
-173
-173
-168
-220
-227
-177
-198
-208
-84
-46
-254
-366
-137
185
525
1082
1438
781
-802
-2519
-4083
-5417
-5832
-4930
-3455
-2191
-1065
-40
461
449
461
638
700
633
650
729
717
629
611
684
712
643
609
654
635
541
559
659
630
536
575
644
575
517
607
676
631
651
777
813
716
659
687
690
660
685
749
761
724
728
803
870
864
844
891
936
921
969
1133
1205
1122
1137
1299
1348
1286
1367
1518
1499
1443
1551
1638
1520
1364
1311
1249
1111
982
880
735
532
355
258
186
53
-109
-229
-307
-340
-310
-296
-357
-423
-460
-532
-565
-471
-405
-495
-558
-492
-474
-555
-568
-516
-543
-616
-593
-495
-453
-517
-586
-569
-534
-549
-510
-392
-368
-455
-457
-402
-460
-521
-416
-322
-380
-388
-271
-276
-419
-423
-302
-315
-399
-340
-254
-314
-369
-299
-261
-307
-298
-265
-315
-345
-293
-314
-403
-374
-283
-318
-389
-350
-323
-400
-424
-329
-267
-303
-335
-330
-353
-407
-429
-411
-399
-389
-339
-276
-265
-303
-331
-334
-323
-288
-250
-271
-332
-340
-281
-252
-278
-299
-313
-361
-368
-246
-93
-68
-132
-173
-214
-293
-312
-241
-201
-223
-203
-154
-160
-182
-169
-191
-240
-209
-136
-128
-133
-105
-142
-217
-181
-101
-118
-126
-40
-47
-173
-168
-32
-30
-117
-60
31
-69
-209
-170
-79
-102
-122
-19
84
58
-17
-26
2
-15
-29
59
220
309
291
254
233
173
74
26
92
194
216
170
170
195
134
42
46
48
-77
-208
-213
-191
-216
-204
-127
-60
-25
-60
-191
-276
-144
161
594
1103
1236
423
-1194
-3005
-4710
-6020
-6249
-5222
-3706
-2283
-896
222
617
568
663
810
747
710
835
833
689
692
791
774
772
887
890
741
718
807
757
665
749
821
690
592
704
801
766
764
832
826
765
781
870
927
918
873
833
810
807
826
862
900
938
966
979
1001
1031
1025
1019
1080
1169
1235
1341
1473
1503
1456
1478
1533
1535
1562
1670
1723
1662
1601
1594
1546
1413
1252
1116
995
857
700
565
439
264
56
-76
-117
-174
-283
-328
-274
-247
-301
-331
-335
-422
-539
-517
-410
-400
-469
-493
-499
-538
-538
-466
-429
-474
-532
-538
-495
-416
-332
-295
-326
-394
-451
-458
-410
-336
-283
-267
-287
-309
-305
-282
-269
-248
-213
-227
-294
-301
-236
-232
-294
-275
-217
-265
-328
-247
-165
-239
-310
-240
-198
-271
-296
-226
-220
-297
-330
-291
-264
-275
-277
-236
-208
-259
-328
-316
-297
-338
-331
-231
-193
-243
-242
-199
-234
-303
-317
-311
-322
-308
-250
-170
-127
-174
-246
-243
-230
-266
-243
-134
-128
-227
-220
-117
-107
-152
-124
-102
-181
-247
-211
-134
-85
-60
-50
-52
-99
-188
-223
-158
-110
-114
-71
-19
-85
-173
-153
-124
-158
-128
-47
-67
-132
-88
-27
-71
-120
-87
-78
-119
-91
8
40
-5
-19
12
28
59
138
205
221
235
238
201
160
132
72
31
92
188
211
212
241
217
89
-42
-100
-121
-159
-173
-129
-103
-167
-221
-136
13
20
-120
-196
-72
199
619
1183
1464
799
-789
-2614
-4254
-5556
-5944
-5048
-3536
-2197
-996
91
586
502
482
667
708
653
753
851
770
686
725
761
755
764
757
694
637
622
620
627
668
721
731
682
648
688
745
734
713
729
700
622
656
801
873
828
780
737
683
693
780
848
883
911
902
873
911
981
999
999
1052
1121
1172
1234
1323
1391
1408
1393
1411
1459
1471
1455
1498
1544
1494
1417
1382
1255
1004
821
726
543
345
304
281
107
-41
-63
-144
-315
-372
-353
-430
-536
-546
-547
-587
-577
-517
-495
-512
-549
-585
-569
-518
-513
-500
-428
-419
-517
-536
-451
-437
-478
-415
-338
-389
-473
-466
-444
-465
-481
-463
-433
-409
-415
-421
-386
-348
-360
-366
-333
-320
-337
-320
-287
-290
-326
-366
-416
-450
-439
-370
-282
-241
-266
-284
-288
-335
-379
-337
-303
-360
-412
-385
-367
-377
-355
-311
-289
-282
-303
-325
-300
-278
-323
-341
-296
-305
-371
-367
-336
-358
-350
-280
-272
-304
-279
-253
-281
-266
-223
-254
-301
-262
-229
-250
-231
-176
-206
-275
-271
-232
-232
-213
-156
-147
-212
-259
-239
-199
-194
-198
-187
-195
-244
-250
-171
-106
-135
-179
-174
-163
-160
-100
11
89
92
90
140
179
108
-12
-59
-66
-107
-84
48
124
62
10
-7
-83
-155
-136
-156
-257
-280
-239
-312
-391
-266
-74
-82
-210
-223
-99
82
431
1019
1390
851
-594
-2308
-3953
-5398
-5976
-5222
-3780
-2436
-1175
-61
441
433
486
620
621
647
754
705
594
648
709
625
623
745
736
618
658
797
786
674
684
764
735
649
675
740
705
662
727
779
740
717
744
702
617
620
686
708
721
770
802
778
770
826
912
980
1023
1041
1047
1058
1089
1134
1198
1284
1368
1403
1420
1467
1498
1442
1402
1476
1548
1499
1448
1445
1322
1074
955
955
827
605
512
447
227
11
-7
-9
-155
-293
-294
-302
-403
-476
-455
-452
-519
-579
-569
-533
-511
-494
-453
-416
-439
-510
-533
-496
-487
-517
-505
-477
-492
-496
-440
-420
-470
-497
-474
-471
-441
-336
-261
-305
-356
-325
-295
-323
-306
-207
-148
-200
-226
-151
-133
-279
-380
-306
-280
-416
-421
-237
-212
-376
-358
-202
-242
-358
-261
-151
-241
-318
-239
-194
-235
-238
-194
-170
-181
-244
-281
-216
-190
-290
-297
-180
-228
-399
-346
-186
-245
-339
-213
-145
-304
-368
-218
-166
-248
-221
-137
-189
-243
-159
-105
-179
-208
-179
-245
-323
-231
-120
-161
-195
-124
-159
-306
-314
-195
-176
-191
-107
-63
-161
-232
-208
-196
-194
-132
-81
-85
-82
-68
-98
-122
-107
-107
-133
-120
-97
-119
-149
-129
-101
-101
-105
-84
-63
-68
-93
-76
-21
-9
-42
-23
22
-3
-48
-15
1
-62
-85
-22
0
-15
19
50
25
61
170
226
225
250
218
81
-3
57
115
109
153
270
309
239
174
147
54
-103
-185
-159
-163
-234
-267
-231
-198
-154
-103
-138
-248
-238
-27
333
832
1275
1085
-68
-1811
-3626
-5280
-6311
-6090
-4733
-3088
-1633
-368
463
597
438
525
745
763
708
770
781
656
653
829
901
807
786
832
784
747
861
924
812
742
794
757
647
693
847
875
831
879
932
841
736
775
860
854
864
972
1033
956
890
899
889
870
947
1037
1037
1030
1087
1116
1117
1188
1301
1353
1391
1479
1567
1599
1621
1640
1620
1576
1567
1579
1569
1537
1505
1428
1282
1102
932
755
566
395
276
189
97
-14
-106
-175
-263
-364
-400
-388
-419
-471
-453
-430
-481
-512
-464
-477
-561
-544
-459
-503
-584
-527
-457
-516
-531
-427
-387
-456
-480
-455
-446
-431
-418
-435
-414
-381
-421
-433
-327
-313
-434
-407
-240
-251
-340
-242
-171
-336
-418
-275
-234
-339
-284
-150
-198
-292
-239
-214
-307
-332
-258
-267
-336
-322
-265
-296
-348
-316
-270
-327
-380
-295
-192
-227
-275
-230
-240
-359
-382
-289
-267
-313
-273
-208
-238
-293
-279
-270
-315
-347
-300
-228
-214
-252
-242
-199
-230
-310
-297
-234
-243
-257
-172
-115
-189
-279
-276
-253
-257
-250
-221
-210
-220
-226
-192
-145
-153
-224
-268
-258
-228
-174
-83
-30
-68
-157
-218
-218
-166
-111
-67
-54
-99
-164
-159
-140
-170
-165
-111
-162
-242
-143
5
-20
-12
193
302
163
94
189
163
-9
-32
90
97
-34
-62
57
107
-18
-110
-64
-88
-260
-299
-142
-83
-192
-223
-164
-148
-107
-24
-85
-211
-140
109
463
1030
1448
971
-421
-2032
-3590
-5002
-5596
-4939
-3687
-2504
-1303
-129
525
640
667
728
674
601
633
702
740
761
740
712
737
756
702
682
732
726
645
631
670
662
655
719
741
689
678
709
678
666
748
791
719
683
715
692
637
680
754
746
726
790
846
834
837
889
899
881
927
1012
1054
1101
1187
1239
1232
1248
1277
1266
1256
1324
1408
1419
1371
1331
1291
1224
1152
1114
1050
888
658
475
374
281
134
15
-23
-89
-265
-377
-317
-283
-417
-509
-446
-427
-540
-580
-494
-473
-571
-614
-556
-529
-579
-590
-529
-487
-500
-486
-443
-432
-439
-408
-381
-393
-410
-416
-435
-425
-360
-300
-303
-329
-348
-363
-382
-377
-332
-267
-255
-301
-319
-290
-313
-356
-299
-212
-247
-302
-248
-195
-236
-248
-225
-274
-349
-342
-323
-310
-236
-164
-204
-264
-265
-278
-320
-316
-297
-311
-330
-330
-310
-238
-190
-234
-280
-273
-333
-416
-356
-261
-305
-321
-209
-198
-318
-300
-211
-287
-368
-247
-153
-224
-243
-179
-241
-340
-305
-265
-309
-258
-144
-177
-277
-251
-233
-327
-327
-142
-29
-91
-136
-99
-129
-207
-167
-43
-33
-119
-132
-78
-93
-143
-119
-75
-117
-164
-120
-61
-85
-107
-76
-86
-148
-121
-37
-50
-105
-70
-77
-203
-248
-143
-112
-154
-89
-17
-96
-132
-6
74
60
145
253
211
150
191
145
-14
-62
24
71
107
175
170
82
32
-17
-97
-95
-42
-103
-170
-94
-60
-208
-275
-137
-34
-68
-83
-74
-76
66
491
1037
1286
787
-526
-2270
-4034
-5479
-6036
-5378
-4008
-2603
-1259
-83
498
515
534
704
756
704
766
856
813
713
705
755
767
745
767
807
798
754
716
664
646
726
817
815
806
827
788
715
749
832
841
814
822
814
770
725
703
710
727
710
717
806
893
909
963
1050
1027
945
979
1059
1091
1175
1315
1337
1298
1355
1423
1413
1469
1569
1536
1448
1485
1526
1450
1382
1366
1249
1048
898
795
652
487
338
223
123
5
-120
-182
-220
-311
-389
-348
-302
-377
-494
-533
-540
-577
-595
-527
-444
-453
-525
-514
-428
-404
-462
-490
-489
-529
-583
-548
-429
-318
-299
-325
-314
-300
-380
-438
-333
-199
-220
-264
-201
-175
-276
-339
-289
-221
-201
-197
-183
-148
-177
-293
-321
-171
-100
-213
-253
-162
-225
-388
-330
-151
-179
-299
-266
-209
-292
-341
-251
-175
-201
-210
-170
-175
-245
-276
-243
-222
-241
-230
-210
-252
-312
-290
-258
-275
-261
-203
-224
-290
-295
-298
-354
-343
-262
-243
-257
-202
-168
-223
-260
-227
-229
-268
-257
-193
-164
-178
-181
-155
-157
-182
-171
-148
-198
-258
-239
-201
-210
-192
-155
-179
-229
-213
-175
-157
-143
-132
-132
-118
-131
-154
-128
-129
-248
-303
-191
-126
-172
-94
29
-69
-210
-105
0
-106
-150
-26
-41
-166
-107
20
-42
-128
-83
-75
-137
-86
11
-10
-54
-33
-77
-168
-147
-61
-50
-34
44
56
-33
-64
-29
-47
-96
-65
-12
-15
-21
1
-12
-15
60
137
158
235
345
325
226
232
222
67
-21
96
161
99
154
310
290
161
139
105
-97
-251
-187
-78
-98
-139
-84
4
1
-75
-133
-162
-178
-5
531
1195
1367
671
-751
-2553
-4440
-5900
-6278
-5451
-4028
-2528
-1057
129
632
625
622
720
743
769
870
904
818
740
722
767
860
905
850
814
833
826
832
929
975
870
780
813
808
739
794
937
904
756
773
872
780
649
761
940
906
835
922
973
845
778
893
980
934
923
1010
1076
1091
1149
1216
1217
1198
1238
1292
1354
1458
1546
1555
1574
1619
1583
1505
1506
1477
1350
1296
1331
1211
971
821
680
417
237
233
183
9
-118
-197
-326
-442
-456
-438
-454
-482
-492
-499
-500
-488
-458
-448
-467
-495
-534
-596
-607
-531
-460
-455
-453
-450
-487
-509
-463
-420
-405
-388
-383
-397
-370
-344
-366
-363
-310
-322
-357
-302
-254
-313
-310
-201
-191
-266
-218
-157
-263
-356
-271
-223
-305
-305
-194
-190
-278
-291
-246
-265
-312
-315
-287
-276
-292
-334
-364
-370
-389
-433
-406
-301
-269
-362
-399
-351
-401
-512
-429
-256
-279
-363
-261
-190
-314
-349
-213
-235
-388
-357
-243
-315
-376
-247
-179
-297
-326
-228
-249
-356
-301
-161
-154
-215
-181
-148
-218
-272
-205
-140
-170
-213
-198
-188
-215
-223
-178
-153
-184
-198
-127
-64
-103
-172
-165
-156
-211
-224
-122
-56
-127
-186
-115
-72
-147
-169
-65
-48
-148
-139
-24
-53
-170
-138
-31
-60
-113
-40
12
-95
-192
-133
-43
-65
-101
-52
-27
-118
-163
-53
39
-33
-122
-113
-101
-146
-139
-61
-18
-63
-100
-63
-26
-75
-109
-32
39
19
71
219
248
159
189
259
151
10
52
106
40
42
166
184
79
38
56
0
-78
-107
-140
-186
-175
-157
-185
-167
-73
-88
-244
-284
-78
196
531
1045
1334
683
-854
-2585
-4209
-5611
-6084
-5190
-3664
-2321
-1082
48
565
532
604
828
817
688
731
778
701
707
840
872
788
740
732
711
754
857
881
796
741
738
699
661
738
835
803
720
735
754
681
642
731
791
743
728
807
835
777
760
806
807
781
820
913
968
990
1024
1061
1075
1096
1131
1182
1252
1325
1345
1353
1411
1455
1418
1418
1498
1497
1379
1349
1410
1363
1224
1142
1020
765
528
417
330
241
162
30
-112
-143
-172
-297
-373
-377
-516
-673
-569
-372
-393
-467
-415
-438
-594
-608
-485
-477
-559
-536
-469
-480
-501
-444
-390
-427
-502
-499
-445
-437
-440
-346
-253
-295
-367
-339
-315
-350
-323
-213
-177
-250
-322
-312
-270
-269
-292
-238
-171
-232
-325
-249
-156
-253
-356
-261
-183
-259
-279
-174
-170
-263
-253
-178
-213
-291
-286
-255
-267
-252
-188
-178
-268
-326
-274
-227
-289
-327
-265
-259
-358
-341
-200
-183
-283
-261
-170
-199
-258
-196
-144
-192
-212
-137
-98
-159
-240
-265
-274
-307
-316
-249
-212
-270
-293
-199
-156
-218
-219
-139
-156
-221
-160
-65
-113
-193
-166
-150
-238
-276
-205
-181
-246
-240
-187
-235
-309
-237
-134
-139
-135
-71
-117
-227
-200
-141
-217
-238
-122
-127
-242
-169
-41
-134
-219
-70
-7
-161
-181
-30
-59
-200
-145
-22
-83
-163
-98
-52
-119
-137
-72
-57
-96
-83
-44
-43
-34
17
23
-21
-16
34
26
-4
5
-4
-68
-85
-35
6
13
-7
-67
-83
5
93
118
199
313
300
225
272
328
217
70
56
73
47
88
217
270
195
100
57
12
-71
-141
-126
-84
-114
-161
-84
36
2
-168
-248
-150
71
443
1021
1447
1064
-309
-2128
-3912
-5486
-6334
-5851
-4399
-2875
-1502
-191
613
695
625
764
827
758
822
941
884
779
792
847
861
851
822
810
830
844
857
886
842
738
735
831
869
894
984
996
870
822
890
875
781
790
842
811
791
871
926
897
882
905
883
848
879
929
925
953
1071
1152
1118
1133
1249
1281
1222
1313
1516
1580
1551
1632
1704
1612
1504
1506
1485
1403
1375
1394
1338
1182
976
766
554
349
205
159
91
-78
-237
-306
-381
-465
-459
-422
-487
-579
-576
-518
-490
-490
-508
-544
-598
-654
-664
-606
-574
-616
-637
-587
-552
-538
-487
-440
-465
-498
-495
-483
-450
-371
-336
-375
-405
-411
-459
-478
-389
-287
-290
-330
-345
-373
-410
-374
-287
-240
-257
-283
-295
-304
-319
-323
-316
-327
-358
-356
-315
-289
-303
-333
-380
-400
-355
-311
-329
-316
-270
-325
-418
-347
-230
-273
-326
-234
-214
-342
-362
-253
-283
-398
-366
-291
-343
-374
-296
-282
-372
-383
-328
-341
-365
-289
-221
-240
-245
-195
-199
-243
-229
-193
-208
-208
-171
-193
-261
-256
-213
-214
-208
-159
-166
-223
-215
-165
-172
-172
-124
-119
-155
-116
-63
-116
-179
-130
-80
-113
-132
-93
-112
-197
-220
-138
-79
-119
-161
-102
-33
-50
-78
-46
-64
-153
-162
-54
13
-10
-44
-57
-77
-96
-94
-48
2
-29
-109
-94
-27
-46
-59
56
117
18
-34
22
-22
-117
-47
88
101
141
292
354
275
235
200
57
-49
28
146
184
210
249
210
99
18
9
-1
-66
-142
-160
-156
-166
-123
5
60
-72
-232
-180
83
469
997
1470
1239
-27
-1783
-3406
-4816
-5700
-5382
-4044
-2685
-1594
-459
399
527
407
576
756
695
680
783
769
661
631
652
683
726
714
665
680
679
595
572
652
663
623
682
765
728
661
655
646
601
590
640
714
745
708
666
675
664
618
641
738
781
780
830
907
927
904
888
911
968
1015
1048
1141
1245
1239
1194
1267
1357
1334
1321
1408
1434
1366
1370
1443
1421
1317
1232
1148
1013
853
691
536
382
217
79
17
-50
-171
-249
-256
-303
-351
-317
-322
-437
-486
-440
-458
-494
-427
-404
-506
-557
-513
-518
-530
-457
-403
-437
-455
-438
-428
-394
-329
-305
-315
-325
-347
-367
-342
-310
-307
-328
-365
-389
-357
-314
-297
-245
-170
-204
-309
-309
-232
-260
-344
-315
-230
-268
-377
-376
-273
-245
-301
-282
-207
-277
-453
-477
-329
-238
-241
-208
-164
-215
-304
-332
-290
-241
-260
-333
-323
-227
-217
-283
-244
-182
-270
-354
-268
-215
-314
-362
-310
-338
-380
-273
-168
-239
-326
-305
-296
-332
-273
-151
-151
-267
-304
-226
-190
-226
-182
-76
-111
-259
-267
-161
-163
-223
-170
-123
-204
-263
-200
-135
-111
-98
-134
-191
-172
-152
-195
-185
-123
-180
-270
-184
-47
-76
-149
-155
-229
-358
-334
-197
-145
-168
-168
-192
-245
-229
-134
-53
-16
-8
-21
-54
-80
-83
-75
-92
-130
-148
-128
-99
-66
-40
-34
-31
-8
12
52
153
252
251
201
170
93
-51
-111
-28
51
36
38
88
62
-28
-19
33
-74
-264
-302
-259
-301
-309
-163
-51
-108
-224
-303
-321
-155
260
812
1233
1096
64
-1658
-3547
-5223
-6259
-6134
-4944
-3378
-1851
-486
354
539
550
681
698
621
736
886
780
658
766
844
720
667
772
776
654
669
802
812
731
767
833
740
630
721
849
817
795
911
920
767
755
902
887
768
832
940
848
775
897
966
883
893
998
993
948
1029
1124
1132
1166
1251
1280
1291
1365
1440
1457
1492
1565
1609
1625
1678
1724
1671
1554
1482
1435
1337
1228
1163
1052
839
621
445
242
59
-18
-68
-165
-215
-238
-361
-500
-497
-474
-548
-563
-461
-464
-589
-605
-509
-510
-574
-541
-497
-576
-648
-596
-547
-574
-562
-510
-536
-576
-507
-423
-437
-461
-425
-416
-450
-437
-357
-298
-325
-394
-371
-262
-239
-312
-281
-193
-290
-441
-338
-160
-213
-306
-207
-164
-320
-389
-272
-242
-319
-271
-139
-132
-197
-194
-185
-262
-319
-257
-172
-184
-221
-199
-203
-279
-280
-184
-183
-291
-323
-293
-313
-289
-164
-107
-151
-166
-195
-299
-318
-233
-233
-273
-177
-94
-182
-225
-119
-130
-298
-340
-248
-276
-353
-239
-57
-63
-160
-148
-118
-206
-278
-199
-92
-97
-129
-92
-61
-108
-154
-115
-42
-37
-89
-105
-77
-86
-110
-47
44
8
-81
-67
-23
-56
-39
58
34
-97
-99
-36
-91
-116
5
38
-51
-8
87
-3
-99
-35
-24
-95
-9
114
49
-6
83
62
-75
-45
79
55
38
211
366
328
260
269
218
75
26
121
187
165
205
304
275
141
99
96
-18
-116
-48
15
-69
-155
-135
-109
-115
-95
-106
-194
-203
29
510
1124
1528
1182
-90
-1880
-3718
-5266
-5984
-5480
-4151
-2710
-1380
-212
466
565
525
637
737
731
774
868
858
761
737
784
794
768
774
784
780
799
802
718
633
654
704
707
751
835
802
671
640
705
698
646
700
800
804
769
813
865
831
787
808
827
811
815
843
883
976
1068
1057
1028
1113
1207
1204
1230
1325
1327
1267
1321
1433
1471
1514
1564
1497
1422
1490
1502
1342
1268
1298
1106
784
713
740
497
211
194
178
-76
-254
-174
-176
-406
-521
-403
-383
-538
-556
-434
-491
-656
-590
-408
-438
-546
-489
-452
-566
-586
-445
-406
-500
-531
-510
-542
-551
-472
-391
-375
-403
-433
-421
-384
-364
-321
-242
-244
-309
-269
-180
-226
-306
-257
-231
-341
-367
-227
-181
-305
-356
-268
-247
-342
-353
-240
-230
-370
-392
-247
-247
-423
-424
-262
-292
-429
-345
-235
-392
-531
-382
-256
-341
-340
-191
-219
-397
-391
-249
-266
-369
-324
-239
-303
-359
-246
-153
-229
-292
-241
-247
-328
-290
-177
-185
-252
-235
-223
-275
-271
-201
-182
-204
-216
-227
-216
-182
-181
-177
-133
-167
-266
-239
-139
-143
-129
-24
-64
-228
-215
-129
-222
-264
-102
-93
-294
-280
-81
-103
-239
-158
-47
-142
-190
7
203
211
178
205
187
60
-54
-29
68
95
86
161
229
146
20
-12
-66
-206
-264
-206
-203
-249
-230
-237
-331
-329
-195
-197
-371
-383
-151
112
485
1088
1317
456
-1180
-2829
-4370
-5637
-5830
-4770
-3395
-2244
-1043
11
369
304
421
608
587
579
728
782
655
568
620
692
682
637
647
668
605
556
654
750
678
605
687
750
655
569
608
637
582
574
691
789
734
646
672
712
648
627
749
807
714
696
797
796
726
817
974
964
893
956
1035
998
997
1151
1295
1310
1328
1442
1522
1487
1455
1488
1492
1444
1429
1430
1344
1188
1033
873
710
602
514
371
217
115
-2
-139
-191
-186
-253
-340
-327
-288
-347
-447
-492
-511
-552
-575
-522
-426
-403
-475
-518
-483
-495
-580
-599
-540
-530
-558
-514
-412
-347
-352
-383
-381
-361
-391
-435
-394
-322
-331
-355
-290
-214
-222
-262
-276
-293
-328
-350
-329
-275
-254
-288
-289
-241
-255
-325
-318
-260
-263
-262
-196
-187
-266
-297
-271
-289
-315
-288
-288
-335
-321
-237
-185
-189
-213
-265
-352
-423
-420
-343
-271
-254
-228
-173
-186
-256
-237
-167
-197
-253
-205
-162
-193
-175
-124
-169
-227
-206
-217
-242
-149
-74
-160
-214
-153
-198
-320
-271
-163
-220
-274
-154
-52
-86
-108
-80
-109
-172
-170
-108
-59
-86
-158
-174
-127
-104
-76
3
29
-52
-109
-95
-89
-79
-47
-55
-77
-54
-64
-110
-67
-5
-57
-62
76
101
-47
-69
28
-32
-137
-27
91
-19
-137
-77
-25
-58
9
183
268
259
280
286
182
65
50
78
96
162
256
270
220
206
189
93
-18
-81
-132
-161
-121
-91
-141
-190
-181
-173
-173
-167
-229
-297
-128
352
932
1324
1166
139
-1631
-3612
-5290
-6204
-5992
-4816
-3260
-1697
-335
476
654
644
735
764
706
771
886
800
618
620
750
780
752
810
841
731
661
742
773
711
767
882
838
763
833
859
755
749
839
804
713
742
785
765
801
865
826
759
746
711
684
788
929
974
1000
1067
1072
1002
983
1048
1126
1199
1306
1450
1550
1532
1471
1504
1575
1569
1574
1669
1666
1483
1368
1430
1417
1242
1114
1032
792
509
439
434
234
18
-3
-32
-200
-267
-210
-309
-519
-543
-459
-493
-536
-478
-484
-581
-599
-540
-520
-508
-480
-479
-475
-455
-478
-492
-442
-454
-527
-469
-356
-411
-480
-367
-327
-495
-541
-380
-351
-467
-428
-306
-351
-439
-376
-281
-277
-269
-201
-151
-154
-180
-208
-242
-297
-348
-334
-277
-258
-254
-216
-211
-258
-251
-218
-284
-360
-313
-277
-342
-332
-233
-281
-438
-448
-369
-413
-462
-353
-259
-351
-450
-398
-332
-364
-366
-277
-253
-349
-401
-360
-352
-385
-357
-319
-368
-430
-420
-402
-404
-363
-294
-271
-291
-326
-350
-324
-265
-237
-215
-164
-165
-248
-279
-212
-171
-191
-188
-163
-186
-251
-282
-241
-175
-158
-167
-153
-163
-231
-251
-180
-122
-99
-49
-31
-98
-155
-148
-148
-152
-108
-45
-12
-18
-77
-136
-118
-75
-68
-21
49
1
-107
-88
-14
-35
-52
15
22
-52
-43
46
83
91
139
187
203
213
230
253
247
159
58
56
90
81
120
221
236
168
138
110
7
-92
-145
-193
-196
-115
-54
-63
-54
-6
-24
-144
-237
-140
132
484
940
1342
1092
-123
-1792
-3366
-4768
-5617
-5272
-3979
-2623
-1436
-276
500
627
551
624
678
657
736
846
834
767
721
654
615
668
720
692
669
710
718
647
620
681
681
581
572
681
705
638
673
750
684
589
648
732
700
660
712
769
765
745
787
881
902
817
803
904
920
855
935
1065
1020
966
1097
1196
1172
1255
1414
1408
1364
1460
1500
1391
1372
1447
1385
1260
1272
1282
1131
961
878
738
493
303
229
149
22
-56
-80
-158
-271
-294
-247
-261
-319
-357
-416
-500
-520
-498
-491
-456
-414
-458
-499
-436
-410
-488
-483
-401
-444
-529
-451
-369
-446
-487
-380
-335
-397
-381
-291
-283
-332
-346
-344
-355
-353
-339
-297
-222
-176
-195
-207
-187
-196
-251
-289
-282
-257
-261
-284
-255
-188
-222
-332
-319
-197
-177
-219
-167
-138
-262
-356
-297
-239
-266
-292
-308
-334
-318
-271
-247
-223
-220
-294
-357
-316
-271
-293
-285
-221
-212
-272
-313
-313
-326
-352
-322
-225
-194
-283
-340
-298
-317
-407
-378
-263
-271
-349
-329
-278
-327
-402
-384
-288
-233
-274
-309
-247
-219
-299
-276
-89
-38
-181
-228
-168
-240
-360
-328
-239
-215
-168
-89
-43
-10
10
-3
35
110
60
-78
-129
-151
-204
-137
40
98
44
16
-64
-227
-295
-270
-302
-327
-265
-256
-309
-258
-136
-117
-200
-297
-313
-119
302
809
1212
1089
10
-1786
-3584
-5057
-6007
-5886
-4605
-2985
-1637
-489
363
628
541
558
685
725
695
675
689
718
731
752
835
881
793
687
682
703
698
721
782
824
797
702
648
712
763
693
668
756
746
627
666
818
783
636
680
819
807
769
883
958
849
782
886
951
913
965
1089
1094
1075
1190
1289
1258
1285
1402
1415
1384
1499
1610
1556
1524
1608
1579
1433
1426
1503
1402
1207
1122
1025
750
467
341
247
83
-31
-45
-82
-194
-288
-313
-321
-377
-476
-555
-567
-545
-519
-472
-414
-435
-542
-619
-601
-572
-575
-552
-500
-503
-524
-461
-383
-430
-521
-508
-451
-447
-411
-323
-333
-451
-486
-393
-298
-246
-202
-201
-258
-319
-330
-301
-267
-264
-274
-273
-291
-339
-351
-338
-358
-355
-286
-272
-327
-309
-238
-264
-318
-302
-307
-348
-299
-215
-229
-293
-341
-408
-420
-308
-203
-213
-253
-293
-368
-389
-275
-161
-169
-224
-228
-230
-272
-278
-199
-160
-240
-292
-209
-165
-251
-280
-195
-197
-273
-217
-86
-81
-131
-119
-140
-233
-242
-162
-140
-164
-131
-109
-188
-251
-158
-25
-32
-116
-105
-72
-166
-249
-115
53
-3
-127
-82
-45
-196
-317
-223
-102
-106
-110
-35
-18
-112
-181
-136
-73
-74
-98
-117
-168
-209
-171
-117
-116
-94
-43
-69
-135
-113
-80
-128
-137
-48
-9
-33
-7
36
25
54
165
255
290
315
287
176
49
-17
-3
64
106
119
158
166
72
30
136
178
46
-28
11
-53
-184
-156
-73
-115
-156
-77
-55
-173
-238
-91
238
690
1110
1128
357
-1192
-3106
-4879
-6051
-6195
-5242
-3670
-2076
-735
203
597
603
608
722
785
781
827
873
813
724
738
800
803
785
835
896
877
813
787
784
787
837
931
977
954
917
868
797
803
897
932
881
894
949
913
866
925
947
852
818
910
971
985
1022
1033
1003
1041
1130
1184
1250
1351
1380
1360
1412
1508
1551
1573
1597
1596
1602
1637
1632
1605
1631
1632
1501
1351
1288
1192
965
764
714
677
491
278
206
149
-72
-256
-185
-92
-222
-334
-263
-282
-478
-527
-412
-443
-573
-522
-402
-443
-515
-461
-458
-581
-614
-483
-403
-430
-415
-365
-408
-475
-457
-434
-476
-491
-456
-441
-426
-370
-360
-406
-414
-400
-444
-463
-390
-333
-355
-357
-333
-354
-374
-321
-277
-316
-381
-406
-409
-398
-366
-310
-270
-295
-364
-375
-327
-320
-349
-324
-291
-320
-342
-302
-279
-289
-292
-307
-336
-312
-273
-280
-272
-222
-254
-356
-369
-294
-267
-275
-251
-241
-288
-324
-315
-273
-219
-197
-231
-241
-208
-221
-265
-226
-169
-218
-293
-268
-236
-264
-268
-217
-189
-184
-185
-205
-224
-214
-225
-227
-140
-53
-101
-180
-176
-185
-254
-227
-87
-4
-13
18
97
111
47
37
108
133
50
-11
7
-2
-58
-28
61
54
-42
-85
-89
-139
-208
-220
-205
-229
-286
-309
-294
-289
-251
-122
-62
-201
-288
-68
289
672
1168
1342
476
-1210
-2889
-4326
-5437
-5554
-4495
-3101
-1922
-767
194
538
503
559
631
587
598
697
724
700
701
702
701
723
708
661
667
705
690
676
714
727
651
593
647
721
696
662
723
760
666
617
724
779
680
664
782
790
681
707
817
788
705
774
888
873
805
819
869
877
888
988
1122
1160
1112
1140
1266
1359
1400
1488
1558
1509
1437
1455
1462
1382
1282
1184
1034
885
797
699
533
372
242
97
-63
-164
-213
-261
-316
-337
-342
-370
-414
-426
-424
-449
-506
-568
-621
-642
-627
-581
-528
-510
-562
-601
-555
-495
-493
-460
-399
-427
-493
-430
-340
-390
-472
-442
-410
-431
-386
-285
-287
-374
-407
-383
-373
-336
-248
-209
-265
-286
-234
-231
-286
-255
-191
-257
-358
-311
-248
-308
-331
-230
-224
-350
-388
-313
-317
-390
-391
-329
-308
-315
-278
-201
-202
-322
-412
-364
-329
-384
-382
-319
-393
-529
-494
-361
-333
-323
-248
-235
-322
-357
-323
-302
-287
-249
-232
-230
-243
-294
-352
-355
-344
-347
-320
-276
-290
-315
-296
-275
-276
-247
-218
-238
-262
-233
-206
-229
-272
-263
-193
-135
-160
-204
-208
-218
-243
-153
38
152
141
126
124
81
6
-59
-104
-100
-59
-14
33
64
17
-69
-119
-154
-203
-215
-235
-306
-325
-257
-270
-335
-246
-105
-201
-386
-315
-48
221
638
1139
1066
-21
-1707
-3443
-5031
-6079
-5990
-4860
-3407
-2027
-764
106
411
467
573
649
655
681
686
600
549
604
661
678
718
727
643
579
643
702
656
636
718
737
649
632
715
718
653
677
754
739
682
696
751
753
730
732
739
715
706
751
814
844
857
860
861
904
994
1055
1085
1135
1164
1136
1172
1310
1413
1438
1492
1535
1489
1462
1546
1604
1570
1548
1547
1447
1275
1135
1001
804
615
512
439
294
129
38
-24
-136
-204
-178
-192
-305
-374
-381
-430
-484
-459
-450
-488
-479
-448
-482
-492
-440
-441
-500
-483
-433
-455
-492
-453
-402
-400
-411
-379
-335
-354
-428
-437
-385
-385
-394
-291
-204
-250
-275
-208
-240
-341
-311
-237
-295
-325
-226
-196
-276
-255
-170
-210
-288
-228
-149
-195
-252
-204
-187
-297
-367
-267
-176
-223
-243
-157
-188
-347
-352
-204
-198
-282
-224
-151
-259
-328
-207
-132
-200
-195
-144
-234
-353
-323
-270
-275
-215
-125
-160
-239
-240
-232
-254
-213
-136
-114
-136
-151
-172
-188
-201
-224
-223
-146
-72
-94
-156
-156
-168
-280
-354
-236
-111
-167
-208
-63
-12
-166
-189
-27
-65
-261
-225
-57
-94
-166
-60
-2
-112
-142
-78
-104
-149
-97
-65
-60
28
82
-22
-101
-69
-91
-157
-94
-4
-38
-61
48
136
145
200
284
250
168
176
193
129
123
232
267
171
143
202
171
90
113
112
-41
-174
-155
-131
-156
-139
-111
-133
-104
-17
-17
-107
-111
12
266
739
1262
1246
341
-1193
-2966
-4709
-5861
-5842
-4811
-3420
-1963
-574
333
577
588
673
694
643
738
884
860
791
856
907
859
851
880
814
762
832
868
802
799
819
732
692
807
836
737
747
820
753
689
762
797
730
728
777
782
796
839
836
842
887
888
869
939
1020
1040
1092
1183
1198
1196
1262
1314
1312
1352
1389
1337
1319
1438
1529
1511
1522
1588
1555
1453
1430
1443
1339
1158
1017
910
758
585
450
334
173
8
-87
-125
-169
-224
-293
-369
-427
-465
-517
-541
-519
-525
-567
-539
-478
-502
-556
-542
-552
-610
-588
-491
-468
-490
-446
-390
-421
-473
-472
-461
-489
-488
-414
-338
-361
-421
-409
-359
-363
-351
-254
-171
-199
-246
-243
-249
-305
-342
-324
-288
-298
-324
-285
-200
-194
-232
-189
-151
-262
-352
-264
-200
-296
-324
-237
-277
-402
-338
-181
-173
-216
-160
-149
-224
-222
-150
-157
-191
-189
-225
-270
-194
-112
-187
-291
-262
-244
-314
-291
-144
-133
-269
-287
-180
-194
-275
-218
-132
-205
-272
-194
-144
-208
-205
-126
-127
-186
-184
-184
-231
-248
-207
-166
-121
-87
-104
-155
-191
-231
-239
-167
-74
-50
-57
-67
-107
-145
-122
-103
-111
-97
-79
-111
-111
-58
-57
-110
-120
-149
-238
-240
-108
-33
-64
-81
-85
-156
-196
-109
8
17
-33
-39
-16
-41
-55
-14
-41
-199
-280
-204
-139
-94
80
219
138
48
99
55
-92
-59
73
7
-100
-20
46
-31
1
161
159
-3
-80
-105
-191
-235
-179
-176
-249
-259
-183
-137
-160
-223
-238
-109
212
697
1159
1109
178
-1387
-3094
-4713
-5841
-5841
-4751
-3336
-1955
-569
426
660
591
714
808
686
664
796
753
568
593
762
777
698
741
793
711
658
757
806
709
660
747
788
752
789
878
834
699
663
733
750
720
760
829
780
680
695
770
748
721
815
916
910
927
1017
1057
1051
1111
1161
1120
1096
1172
1250
1308
1400
1486
1488
1451
1441
1462
1484
1491
1483
1481
1460
1396
1311
1224
1096
943
793
630
457
333
220
100
45
40
-54
-200
-272
-314
-387
-382
-325
-360
-452
-493
-538
-566
-483
-385
-400
-411
-385
-438
-498
-425
-364
-415
-430
-374
-390
-423
-373
-326
-368
-427
-462
-470
-448
-427
-421
-387
-372
-395
-341
-215
-215
-306
-305
-286
-360
-349
-208
-179
-292
-314
-281
-353
-416
-338
-288
-366
-409
-339
-319
-389
-414
-379
-412
-474
-435
-340
-329
-345
-302
-283
-341
-352
-301
-299
-323
-268
-227
-276
-298
-247
-269
-362
-390
-359
-371
-391
-350
-287
-302
-382
-409
-329
-277
-310
-291
-204
-252
-372
-316
-183
-230
-310
-239
-199
-296
-296
-179
-169
-247
-237
-210
-252
-272
-221
-189
-184
-171
-153
-140
-129
-158
-195
-193
-194
-238
-222
-134
-92
-108
-86
-74
-133
-167
-109
-66
-78
-81
-67
-78
-80
-72
-86
-106
-110
-138
-151
-92
-36
-86
-143
-118
-99
-137
-82
75
126
16
-36
16
-26
-151
-93
86
72
-80
-51
65
20
-21
172
372
359
300
340
327
192
80
98
164
170
141
187
242
168
39
14
-15
-133
-173
-85
-75
-158
-194
-207
-229
-125
40
45
-86
-147
-85
155
661
1209
1227
354
-1252
-3142
-4894
-6046
-6133
-5107
-3559
-2075
-792
202
642
624
599
713
748
693
724
836
874
829
812
877
928
877
808
847
884
793
708
774
847
820
820
884
840
726
738
831
836
830
893
903
830
841
919
919
884
931
966
929
935
1003
993
925
924
958
946
990
1155
1302
1324
1333
1379
1376
1347
1448
1632
1705
1669
1663
1651
1583
1553
1584
1540
1429
1352
1275
1148
1048
936
726
515
405
273
103
28
-12
-155
-263
-235
-247
-362
-405
-380
-412
-456
-424
-397
-432
-501
-552
-544
-484
-477
-510
-476
-430
-502
-564
-499
-453
-516
-522
-434
-399
-441
-455
-455
-477
-480
-417
-329
-281
-318
-387
-411
-390
-364
-303
-245
-277
-376
-422
-418
-408
-381
-335
-331
-367
-403
-405
-387
-378
-399
-397
-358
-334
-327
-283
-262
-313
-347
-310
-307
-342
-318
-266
-301
-355
-330
-295
-334
-366
-331
-303
-356
-416
-404
-363
-375
-384
-318
-266
-345
-433
-385
-297
-299
-279
-174
-144
-252
-305
-240
-211
-252
-228
-164
-183
-245
-236
-216
-251
-272
-240
-235
-236
-184
-159
-221
-238
-180
-196
-275
-227
-105
-91
-130
-92
-91
-203
-278
-224
-166
-155
-137
-116
-132
-133
-104
-96
-105
-85
-81
-97
-56
18
0
-65
-57
-32
-63
-32
89
143
116
174
270
244
153
135
108
4
-45
31
93
84
95
131
93
9
-43
-105
-206
-235
-190
-188
-217
-177
-138
-143
-90
-42
-181
-334
-195
176
623
1146
1362
647
-922
-2659
-4221
-5402
-5637
-4723
-3355
-2120
-963
42
504
527
579
718
703
613
639
697
666
645
695
718
666
616
588
578
624
709
723
693
712
717
625
567
616
643
611
655
748
764
726
707
668
628
628
632
641
717
762
704
689
765
734
630
700
859
850
820
965
1068
968
940
1088
1145
1086
1186
1392
1438
1398
1486
1544
1403
1276
1330
1337
1199
1152
1203
1059
789
685
634
397
177
154
90
-103
-157
-107
-218
-372
-355
-355
-472
-462
-345
-418
-559
-492
-408
-524
-573
-432
-418
-594
-626
-531
-599
-727
-623
-442
-454
-524
-449
-393
-475
-500
-368
-306
-394
-422
-322
-295
-362
-349
-273
-311
-401
-366
-259
-252
-289
-246
-190
-252
-351
-339
-270
-297
-346
-276
-200
-283
-363
-278
-196
-250
-263
-186
-195
-292
-307
-270
-276
-292
-288
-301
-319
-342
-373
-351
-279
-268
-294
-271
-265
-335
-352
-281
-233
-226
-197
-197
-247
-281
-271
-241
-210
-222
-260
-258
-247
-281
-250
-138
-123
-213
-209
-156
-208
-264
-201
-172
-236
-238
-166
-163
-202
-199
-202
-241
-243
-218
-214
-210
-177
-161
-169
-184
-207
-234
-236
-228
-220
-205
-187
-184
-167
-138
-133
-161
-184
-197
-184
-125
-51
-47
-106
-130
-98
-107
-131
-54
54
6
-80
30
187
125
39
172
271
95
-51
54
128
11
-5
179
273
161
72
94
68
-44
-86
-39
-52
-156
-209
-184
-163
-127
-20
18
-125
-252
-109
239
662
1148
1389
758
-838
-2765
-4475
-5767
-6212
-5425
-3831
-2274
-1030
-16
599
694
631
742
891
880
836
889
921
840
786
847
909
895
896
938
947
908
874
861
880
914
926
934
974
967
889
852
879
851
791
804
848
831
826
902
986
994
953
919
920
912
909
991
1113
1103
1027
1092
1202
1156
1140
1313
1412
1321
1368
1585
1618
1487
1528
1658
1610
1534
1635
1697
1548
1380
1315
1198
1007
889
813
637
442
347
251
63
-53
-51
-138
-330
-360
-252
-295
-438
-403
-321
-447
-582
-492
-425
-552
-590
-433
-399
-536
-543
-431
-471
-572
-490
-352
-392
-470
-400
-320
-379
-442
-397
-357
-409
-446
-399
-331
-305
-305
-296
-269
-275
-343
-383
-314
-244
-266
-273
-215
-240
-330
-314
-238
-252
-261
-196
-207
-303
-310
-292
-365
-376
-256
-235
-326
-320
-279
-381
-459
-362
-284
-346
-359
-286
-294
-362
-326
-247
-269
-335
-312
-263
-297
-353
-324
-287
-327
-342
-255
-207
-267
-303
-276
-288
-302
-254
-237
-285
-282
-253
-273
-238
-122
-138
-285
-307
-203
-197
-236
-142
-31
-109
-246
-216
-112
-160
-265
-219
-127
-196
-267
-158
-69
-165
-219
-125
-85
-142
-132
-102
-154
-188
-141
-126
-125
-53
-9
-80
-126
-85
-96
-185
-191
-107
-81
-135
-134
-57
-24
-74
-85
-24
-28
-131
-166
-84
-6
48
158
260
269
233
203
148
107
103
71
6
9
72
113
123
131
121
85
10
-72
-94
-92
-185
-268
-195
-135
-240
-275
-127
-49
-134
-178
-146
-82
148
615
1092
1189
502
-1013
-2849
-4467
-5617
-5892
-4994
-3476
-2137
-994
70
637
629
636
808
778
633
712
834
767
718
793
780
694
709
758
717
685
719
721
672
670
732
778
760
744
794
818
725
659
722
747
673
712
845
825
706
718
772
731
733
864
939
886
841
863
872
860
908
1035
1127
1120
1117
1194
1231
1193
1241
1381
1420
1393
1475
1572
1515
1437
1457
1441
1342
1302
1276
1101
857
712
588
402
269
226
114
-79
-183
-186
-242
-330
-337
-315
-369
-428
-427
-451
-529
-547
-493
-472
-489
-471
-463
-510
-528
-470
-439
-472
-494
-482
-492
-509
-497
-463
-432
-406
-405
-426
-446
-460
-484
-477
-404
-314
-286
-315
-343
-360
-391
-404
-357
-292
-290
-315
-309
-319
-386
-414
-377
-367
-385
-354
-347
-425
-463
-394
-360
-397
-379
-311
-321
-375
-358
-285
-281
-370
-429
-369
-308
-344
-345
-227
-195
-322
-393
-347
-358
-412
-380
-314
-305
-308
-315
-328
-293
-256
-301
-326
-251
-209
-255
-246
-181
-186
-252
-288
-305
-321
-310
-264
-205
-177
-226
-292
-292
-251
-215
-159
-141
-218
-262
-187
-147
-173
-101
-12
-121
-253
-164
-52
-134
-181
-62
-33
-175
-225
-127
-84
-119
-86
-7
-4
-80
-130
-97
-36
-33
-63
-52
-34
-83
-129
-85
-10
1
-16
15
108
199
232
229
237
192
51
-48
13
101
110
144
243
251
144
74
68
10
-94
-145
-149
-190
-248
-255
-222
-198
-154
-90
-128
-297
-362
-151
246
736
1231
1266
339
-1359
-3206
-4858
-5993
-6049
-4944
-3371
-1925
-701
195
564
564
563
672
747
728
732
836
917
878
821
817
754
644
663
803
872
838
797
773
741
726
749
798
812
759
709
729
748
731
756
820
819
778
778
794
795
827
877
897
890
858
806
826
927
989
1003
1071
1122
1072
1067
1198
1289
1284
1350
1484
1517
1502
1570
1632
1580
1523
1531
1514
1453
1428
1383
1231
1054
938
789
566
405
322
159
-35
-62
-14
-117
-265
-290
-337
-499
-557
-454
-414
-480
-492
-462
-487
-523
-512
-496
-507
-541
-566
-550
-535
-557
-529
-438
-415
-438
-371
-328
-426
-455
-335
-335
-446
-375
-240
-326
-402
-242
-156
-301
-343
-230
-256
-354
-289
-217
-283
-305
-226
-205
-195
-120
-127
-241
-272
-255
-325
-361
-275
-238
-281
-244
-158
-167
-212
-226
-269
-310
-271
-244
-284
-274
-214
-243
-287
-208
-154
-272
-352
-255
-200
-263
-199
-55
-137
-330
-303
-198
-264
-301
-172
-145
-269
-269
-155
-143
-194
-205
-212
-200
-148
-145
-151
-89
-110
-267
-279
-118
-92
-181
-110
-6
-103
-219
-157
-92
-133
-146
-95
-88
-125
-155
-156
-127
-110
-149
-165
-109
-72
-95
-81
-36
-62
-139
-171
-152
-124
-103
-85
-60
-45
-79
-106
-64
-27
-66
-83
-46
-54
-88
-55
-40
-108
-129
-69
-76
-132
-102
-33
-40
-67
-39
-3
-13
-41
-28
35
58
-23
-101
-74
-32
-40
-9
71
67
-31
-82
-34
36
80
141
258
347
305
211
187
136
-12
-63
62
125
66
90
166
90
-35
-33
-28
-124
-167
-111
-93
-132
-152
-163
-161
-100
-45
-103
-204
-163
101
542
1030
1241
728
-640
-2469
-4239
-5562
-6028
-5392
-4007
-2487
-1100
24
600
648
605
680
714
723
838
930
849
745
750
773
762
775
788
754
723
727
725
720
745
762
726
678
663
666
659
659
700
748
733
697
716
716
635
620
718
745
694
752
820
718
644
774
868
839
923
1063
997
892
1010
1152
1128
1158
1322
1372
1285
1298
1409
1429
1385
1441
1573
1607
1498
1365
1265
1118
938
869
881
777
543
349
215
69
-44
-91
-163
-276
-348
-381
-404
-384
-371
-462
-580
-591
-559
-581
-563
-455
-428
-536
-584
-507
-504
-620
-654
-560
-525
-561
-491
-352
-348
-434
-416
-352
-395
-450
-390
-315
-313
-298
-254
-266
-329
-364
-376
-390
-386
-352
-321
-326
-355
-346
-295
-274
-278
-241
-239
-352
-436
-379
-333
-351
-287
-196
-266
-385
-356
-299
-345
-343
-241
-232
-337
-368
-319
-326
-360
-322
-269
-282
-305
-277
-256
-277
-291
-288
-317
-346
-320
-287
-292
-273
-242
-297
-367
-309
-226
-251
-265
-204
-226
-314
-272
-163
-194
-290
-299
-286
-309
-294
-234
-183
-167
-220
-301
-285
-228
-269
-294
-179
-115
-214
-248
-158
-180
-300
-281
-171
-168
-202
-140
-75
-111
-156
-119
-70
-84
-98
-53
-28
-94
-146
-101
-68
-109
-95
-6
-4
-89
-108
-80
-114
-159
-141
-114
-98
-65
-43
-29
19
31
-51
-95
-43
-20
-8
129
282
268
198
212
213
148
124
136
94
45
72
150
228
266
212
92
0
-69
-145
-136
-29
-13
-145
-213
-148
-128
-163
-119
-86
-151
-58
378
917
1232
1079
165
-1532
-3517
-5192
-6142
-6030
-4872
-3238
-1671
-361
475
688
620
667
743
720
771
902
881
755
742
797
792
805
872
883
842
832
818
776
787
832
807
749
748
766
765
781
809
810
790
761
737
755
791
796
806
852
880
890
919
908
850
869
960
996
1008
1070
1093
1046
1066
1183
1282
1329
1365
1397
1440
1499
1548
1593
1632
1619
1578
1564
1546
1506
1476
1390
1194
1028
958
817
591
480
448
297
107
42
-26
-213
-362
-385
-394
-405
-364
-363
-458
-519
-509
-544
-593
-544
-502
-573
-598
-482
-413
-457
-441
-380
-448
-560
-534
-490
-548
-519
-353
-305
-390
-355
-269
-366
-476
-375
-283
-377
-402
-269
-249
-351
-331
-264
-342
-401
-298
-235
-281
-246
-174
-274
-424
-399
-340
-407
-419
-265
-191
-311
-379
-301
-315
-459
-458
-294
-254
-328
-274
-190
-294
-399
-326
-286
-354
-302
-191
-256
-338
-266
-259
-361
-298
-155
-228
-350
-287
-251
-338
-292
-147
-178
-279
-225
-160
-220
-232
-161
-200
-315
-288
-160
-139
-192
-162
-110
-152
-170
-75
-43
-148
-189
-128
-140
-170
-93
-83
-226
-277
-195
-194
-203
-72
-25
-175
-240
-153
-135
-147
-48
4
-86
-145
-122
-108
-83
-53
-82
-91
-41
-66
-134
-85
-42
-143
-180
-55
-15
-98
-81
14
20
-4
19
14
-41
-85
-88
-37
26
28
25
78
71
-26
-39
25
12
24
192
339
341
349
372
263
93
24
11
-17
2
78
128
115
72
34
10
-22
-62
-77
-98
-170
-238
-253
-237
-161
-36
-28
-158
-163
60
384
833
1308
1177
32
-1674
-3382
-4903
-5790
-5501
-4310
-2934
-1604
-386
362
555
582
651
673
673
741
811
796
733
716
774
810
743
672
685
691
677
773
892
844
726
715
729
708
767
866
828
716
691
703
685
736
843
840
733
689
723
742
770
868
959
950
891
878
911
941
964
1009
1057
1064
1042
1074
1192
1311
1350
1363
1417
1451
1414
1411
1499
1550
1488
1433
1438
1377
1215
1070
966
827
662
539
452
361
242
103
1
-60
-182
-358
-446
-451
-495
-511
-406
-338
-415
-484
-499
-569
-628
-564
-513
-567
-591
-557
-597
-642
-560
-471
-502
-521
-449
-434
-508
-500
-404
-405
-495
-470
-350
-336
-401
-354
-267
-318
-392
-319
-244
-326
-422
-397
-346
-323
-277
-235
-247
-277
-317
-375
-374
-319
-333
-385
-338
-255
-269
-318
-335
-378
-441
-427
-345
-268
-225
-235
-292
-347
-396
-435
-413
-351
-340
-352
-326
-329
-390
-395
-358
-383
-418
-383
-360
-375
-339
-267
-246
-237
-214
-244
-309
-312
-291
-330
-354
-281
-216
-268
-340
-322
-320
-418
-441
-289
-210
-333
-392
-270
-235
-325
-270
-122
-184
-353
-327
-185
-166
-206
-179
-189
-311
-387
-288
-143
-145
-250
-298
-299
-346
-341
-198
-89
-148
-209
-153
-110
-155
-177
-145
-138
-142
-64
94
226
261
247
234
160
-3
-99
-42
20
10
65
169
128
-34
-111
-129
-229
-328
-268
-136
-118
-198
-203
-102
-43
-92
-130
-96
-37
148
631
1218
1356
662
-790
-2675
-4582
-5971
-6303
-5475
-3961
-2370
-997
31
534
556
514
667
824
820
820
909
929
847
843
933
954
856
759
732
729
702
697
767
847
835
795
822
849
816
819
861
828
776
837
912
909
945
1026
978
861
887
988
974
930
985
1024
949
895
956
1019
1011
1025
1105
1175
1212
1288
1394
1465
1510
1546
1529
1519
1620
1753
1768
1735
1740
1675
1502
1384
1337
1205
993
827
700
556
406
264
143
59
-44
-171
-203
-161
-223
-328
-296
-254
-360
-413
-319
-331
-479
-500
-445
-511
-547
-410
-339
-448
-505
-438
-431
-485
-435
-318
-318
-420
-430
-319
-274
-323
-277
-149
-181
-325
-331
-251
-272
-289
-204
-161
-211
-245
-277
-313
-262
-200
-255
-284
-202
-205
-305
-269
-168
-230
-339
-309
-260
-279
-261
-200
-179
-174
-188
-252
-281
-233
-241
-304
-272
-191
-228
-321
-331
-307
-326
-320
-252
-195
-205
-258
-304
-306
-272
-237
-228
-228
-221
-225
-266
-288
-228
-166
-210
-271
-251
-247
-319
-320
-205
-118
-125
-165
-223
-280
-293
-282
-257
-178
-143
-249
-320
-210
-135
-225
-255
-165
-202
-339
-321
-209
-216
-257
-198
-123
-121
-167
-243
-276
-227
-203
-216
-114
-1
-102
-238
-153
-71