0.492
1.576										
2.668										
3.796										
4.972										
6.044										
7.224										
8.432										
9.588										
10.796										
11.952										
13.14										
14.372										
15.576										
16.84										
18.044										
19.164										
20.34										
21.452										
22.6										
23.768										
24.872										
26.004										
27.192										
28.336										
29.396										
30.504										
31.6										
32.76										
33.924										
35.04										
36.136										
37.248										
38.364										
39.46										
40.56										
41.548										
42.712										
43.724										
44.828										
45.908										
46.916										
48.052										
49.12										
50.236										
51.456										
52.66										
53.896										
55.068										
56.216										
57.356										
58.392										
59.512										
60.656										
61.656										
62.8										
63.808										
64.796										
65.888										
67.032										
68.212										
69.3										
70.392										
71.52										
72.62										
73.836										
74.98										
76.148										
77.22										
