0.596
1.668										
2.632										
3.76										
4.98										
6.052										
7.208										
8.524										
9.692										
10.912										
12.22										
13.392										
14.532										
15.8										
16.972										
18.204										
19.408										
20.504										
21.672										
22.732										
23.912										
25.044										
26.148										
27.368										
28.476										
29.564										
30.8										
32.032										
33.256										
34.516										
35.652										
36.908										
38.16										
39.4										
40.748										
42.024										
43.32										
44.712										
45.98										
47.228										
48.512										
49.76										
50.996										
51.92										
52.8										
53.72										
54.64										
55.604										
56.772										
57.944										
58.868										
59.9										
61.116										
62.18										
63.324										
64.444										
65.424										
66.292										
67.212										
68.3										
69.564										
70.796										
72.076										
73.292										
74.46										
75.72										
76.928										
78.112										
79.404										
80.604										
81.692										
82.956										
84.3										
85.556										
86.792										
88.06										
89.196										
90.388										
91.684										
92.876										
94.228										
95.14										
95.528										
95.9										
96.844										
97.22										
98.072										
99.308										
100.412										
101.512										
102.896										
104.132										
105.44										
106.792										
107.912										
109.192										
110.48										
111.796										
113.22										
114.604										
115.892										
117.26										
118.596										
119.98										
121.26										
122.448										
123.764										
124.996										
126.256										
127.636										
128.94										
130.284										
131.596										
133.028										
134.4										
135.812										
137.252										
138.54										
139.752										
141.092										
142.376										
143.788										
145.152										
146.556										
147.992										
149.356										
150.692										
151.972										
153.336										
154.708										
155.996										
157.412										
158.688										
159.952										
161.252										
162.38										
163.608										
164.696										
165.608										
166.496										
167.7										
168.892										
170.204										
171.404										
172.696										
174.048										
175.316										
176.728										
178.084										
179.412										
180.804										
182.152										
183.436										
184.712										
185.964										
187.34										
188.836										
190.22										
191.624										
193.108										
194.52										
195.756										
196.908										
197.936										
199.1										
200.212										
201.472										
202.804										
204.056										
205.38										
206.556										
207.908										
209.204										
210.512										
211.792										
213.036										
214.4										
215.736										
217.088										
218.516										
219.828										
221.224										
222.532										
223.848										
225.2										
226.576										
227.92										
229.348										
230.696										
232.116										
233.492										
234.816										
236.228										
237.728										
239.016										
240.332										
241.82										
243.22										
244.668										
246.148										
247.26										
248.352										
249.648										
250.728										
252.076										
253.276										
254.596										
255.776										
257.06										
258.092										
258.988										
259.852										
261.004										
262.148										
263.464										
264.672										
265.948										
267.176										
268.464										
269.82										
271.12										
272.524										
273.908										
275.208										
276.608										
277.988										
279.304										
280.748										
282.12										
283.404										
284.704										
