40
28
18
9
-4
-15
-28
-44
-55
-59
-68
-84
-104
-132
-167
-191
-192
-179
-168
-168
-176
-183
-192
-199
-183
-146
-132
-133
-86
42
266
711
1515
2586
3627
4315
4296
3272
1334
-940
-2885
-4051
-4249
-3626
-2644
-1734
-1044
-587
-354
-242
-138
-69
-96
-135
-104
-61
-58
-40
10
40
47
68
83
79
93
126
138
157
197
209
188
200
256
305
343
394
434
448
459
496
565
653
727
783
840
905
962
1026
1111
1202
1277
1346
1427
1520
1589
1626
1647
1658
1638
1620
1630
1619
1532
1443
1370
1251
1097
979
848
640
432
289
135
-55
-188
-268
-403
-549
-586
-566
-609
-657
-633
-629
-701
-724
-655
-625
-677
-703
-690
-711
-736
-688
-623
-604
-585
-533
-511
-524
-515
-510
-555
-558
-471
-408
-415
-392
-360
-414
-461
-382
-297
-315
-337
-321
-372
-457
-463
-434
-456
-483
-474
-464
-470
-480
-501
-513
-503
-492
-494
-486
-486
-520
-553
-535
-495
-495
-539
-562
-516
-434
-355
-240
-81
28
48
79
144
143
63
15
15
-12
-62
-86
-118
-192
-281
-346
-410
-508
-632
-723
-759
-764
-749
-706
-684
-711
-735
-727
-725
-692
-589
-510
-502
-422
-201
150
867
2289
4329
6514
8266
8845
7516
4265
-11
-4099
-6989
-8089
-7482
-5894
-4144
-2675
-1616
-952
-585
-367
-221
-177
-233
-269
-214
-148
-117
-53
34
57
40
52
52
26
40
79
73
72
133
183
170
169
205
205
176
221
331
397
411
488
618
679
694
799
945
996
1027
1165
1294
1315
1351
1475
1558
1578
1636
1717
1735
1730
1735
1699
1613
1527
1434
1325
1218
1092
919
737
568
403
258
140
1
-159
-293
-404
-516
-582
-587
-596
-630
-654
-687
-754
-800
-787
-768
-763
-746
-723
-725
-719
-670
-604
-561
-535
-519
-523
-534
-509
-452
-410
-392
-364
-351
-384
-399
-340
-292
-308
-305
-264
-307
-414
-435
-391
-418
-469
-443
-416
-468
-508
-480
-465
-502
-537
-561
-591
-617
-627
-634
-624
-597
-583
-586
-562
-519
-513
-545
-539
-499
-500
-541
-540
-521
-548
-541
-392
-204
-101
-22
88
123
73
87
170
154
46
-7
-13
-84
-174
-175
-140
-176
-245
-271
-297
-397
-507
-545
-545
-564
-562
-512
-454
-419
-420
-484
-531
-462
-397
-443
-358
7
450
1128
2681
5105
7558
9368
10031
8656
4893
-129
-4748
-7887
-8963
-7987
-5858
-3679
-1985
-965
-594
-479
-290
-163
-196
-177
-56
-23
-41
43
146
136
120
196
272
283
314
375
361
272
240
284
306
289
314
389
435
439
482
579
646
662
710
797
836
829
869
964
1055
1147
1280
1408
1485
1550
1644
1722
1761
1795
1835
1838
1817
1825
1843
1799
1703
1618
1530
1378
1188
1021
855
632
393
203
37
-144
-283
-360
-449
-560
-614
-631
-678
-715
-708
-752
-853
-877
-807
-761
-743
-683
-632
-653
-680
-650
-605
-587
-576
-560
-536
-517
-524
-540
-520
-486
-476
-458
-410
-398
-441
-459
-434
-435
-445
-395
-331
-345
-395
-412
-446
-534
-575
-515
-458
-480
-514
-524
-562
-629
-636
-563
-494
-483
-491
-482
-482
-511
-525
-504
-496
-535
-572
-569
-540
-488
-409
-358
-381
-444
-477
-452
-342
-164
-12
58
97
148
203
271
348
348
247
150
128
124
106
101
72
-36
-154
-179
-155
-191
-274
-333
-388
-483
-554
-532
-477
-480
-534
-576
-564
-522
-513
-498
-323
34
546
1515
3306
5660
7885
9384
9474
7417
3357
-1444
-5581
-8122
-8595
-7287
-5209
-3261
-1811
-986
-686
-561
-417
-332
-295
-220
-155
-131
-77
-26
-24
7
73
65
30
93
193
214
216
260
290
289
327
398
435
424
401
390
424
512
605
657
702
769
833
878
953
1070
1165
1198
1240
1342
1439
1465
1487
1569
1635
1621
1628
1713
1747
1672
1632
1655
1587
1430
1338
1271
1105
912
781
615
364
138
-28
-203
-359
-435
-482
-546
-575
-583
-650
-755
-806
-819
-843
-840
-789
-762
-786
-790
-741
-684
-648
-637
-642
-636
-614
-606
-592
-542
-518
-560
-564
-476
-424
-468
-474
-402
-391
-459
-446
-354
-350
-429
-418
-341
-370
-477
-505
-494
-563
-632
-586
-518
-529
-550
-525
-530
-583
-617
-612
-613
-624
-614
-569
-527
-538
-578
-579
-574
-612
-591
-443
-318
-299
-233
-73
5
-12
46
143
96
-43
-96
-80
-120
-192
-201
-187
-258
-382
-443
-452
-514
-605
-630
-614
-637
-667
-659
-640
-624
-594
-580
-580
-538
-484
-488
-463
-310
-75
326
1233
2820
4866
6930
8364
8331
6345
2756
-1435
-5071
-7232
-7620
-6662
-5121
-3614
-2430
-1576
-945
-495
-238
-123
-93
-131
-169
-94
40
57
-34
-42
46
67
26
74
161
137
75
123
215
235
235
294
371
409
408
405
426
458
482
533
636
736
787
829
908
1003
1068
1098
1143
1229
1290
1304
1351
1448
1480
1456
1496
1566
1537
1475
1494
1519
1458
1383
1331
1219
1041
894
782
637
461
296
117
-90
-271
-393
-497
-593
-636
-639
-662
-692
-693
-703
-751
-773
-747
-719
-685
-619
-582
-599
-600
-569
-565
-562
-520
-499
-529
-530
-475
-423
-388
-346
-315
-304
-294
-293
-321
-346
-339
-309
-263
-203
-160
-180
-261
-337
-363
-355
-352
-348
-342
-366
-431
-475
-472
-476
-523
-548
-521
-499
-505
-471
-400
-370
-376
-355
-342
-372
-365
-275
-167
-57
79
180
204
233
284
254
139
38
-54
-170
-234
-206
-202
-277
-347
-388
-466
-564
-618
-663
-732
-741
-659
-605
-612
-586
-557
-616
-640
-496
-379
-427
-389
-93
320
1038
2584
4921
7335
9158
9750
8309
4665
-145
-4638
-7700
-8720
-7803
-5847
-3819
-2193
-1165
-749
-607
-410
-242
-233
-215
-95
-48
-112
-89
38
100
89
116
137
76
34
104
204
265
327
383
368
305
269
281
318
376
452
525
567
592
652
762
866
934
992
1039
1070
1141
1275
1405
1486
1562
1633
1669
1703
1773
1821
1816
1815
1843
1837
1779
1703
1605
1452
1284
1147
1005
805
579
362
137
-75
-209
-294
-411
-531
-573
-586
-658
-744
-775
-808
-878
-894
-808
-732
-752
-798
-785
-762
-766
-739
-669
-652
-698
-707
-664
-651
-659
-631
-612
-648
-669
-651
-655
-658
-596
-532
-538
-558
-548
-571
-624
-623
-574
-568
-603
-607
-577
-574
-604
-606
-578
-587
-621
-599
-543
-534
-539
-515
-528
-583
-572
-521
-541
-578
-554
-563
-643
-652
-561
-520
-546
-532
-494
-507
-504
-407
-274
-179
-94
4
87
143
203
268
293
243
141
46
-13
-58
-110
-156
-202
-291
-403
-455
-452
-493
-584
-636
-648
-689
-734
-706
-639
-626
-662
-652
-546
-445
-460
-472
-257
154
737
1929
4059
6591
8688
9848
9407
6607
1893
-3049
-6806
-8761
-8617
-6755
-4423
-2615
-1413
-695
-448
-385
-217
-89
-158
-226
-138
-34
-1
53
162
232
221
198
221
236
192
163
232
330
371
416
502
534
492
492
547
570
573
611
654
681
748
851
932
999
1092
1185
1257
1340
1437
1500
1531
1578
1654
1731
1799
1856
1886
1894
1898
1893
1874
1846
1788
1666
1504
1344
1176
964
744
562
393
197
16
-109
-229
-384
-498
-523
-533
-586
-628
-639
-685
-760
-776
-730
-699
-702
-691
-644
-583
-555
-571
-589
-586
-597
-599
-518
-401
-375
-422
-436
-421
-443
-472
-460
-419
-384
-385
-417
-424
-423
-494
-562
-493
-397
-434
-470
-382
-346
-440
-456
-369
-386
-471
-447
-399
-466
-535
-517
-503
-526
-523
-524
-565
-595
-594
-586
-553
-504
-490
-502
-496
-496
-508
-488
-447
-436
-433
-410
-399
-397
-343
-242
-156
-89
-16
42
85
143
194
190
141
74
-1
-53
-56
-55
-92
-143
-203
-297
-396
-451
-471
-487
-493
-487
-493
-529
-568
-559
-499
-478
-514
-493
-421
-427
-436
-264
15
353
1128
2648
4666
6751
8431
8841
7221
3817
-343
-4227
-6896
-7702
-6893
-5392
-3866
-2536
-1556
-961
-555
-227
-57
-40
-58
-61
-35
36
92
91
111
182
194
126
105
151
159
148
214
289
278
261
323
386
397
427
487
506
507
579
692
748
757
786
823
838
893
1042
1201
1260
1260
1285
1311
1310
1367
1502
1585
1557
1520
1529
1521
1483
1464
1447
1372
1246
1124
1032
939
806
643
493
345
165
-19
-147
-237
-353
-474
-528
-523
-544
-611
-660
-675
-723
-797
-797
-731
-733
-798
-794
-728
-707
-687
-601
-550
-596
-611
-548
-511
-504
-444
-393
-429
-455
-394
-327
-302
-266
-238
-282
-348
-352
-317
-296
-277
-253
-259
-286
-286
-277
-322
-410
-480
-519
-541
-528
-482
-450
-455
-480
-503
-515
-513
-499
-478
-460
-457
-465
-467
-460
-454
-440
-419
-414
-415
-368
-272
-188
-134
-72
-7
24
56
142
206
138
10
-50
-79
-157
-205
-170
-177
-286
-353
-322
-329
-416
-469
-464
-492
-561
-593
-572
-544
-537
-552
-562
-525
-466
-454
-446
-312
-53
310
1064
2590
4791
7111
8926
9505
8074
4541
-116
-4499
-7507
-8553
-7748
-5892
-3904
-2312
-1303
-814
-564
-350
-222
-216
-225
-221
-259
-286
-220
-112
-35
25
76
86
65
64
98
150
211
277
336
364
357
354
385
420
443
481
522
537
561
641
732
788
836
913
1002
1091
1184
1282
1374
1441
1486
1551
1642
1688
1662
1642
1666
1677
1665
1686
1710
1647
1519
1408
1301
1135
931
743
560
373
201
47
-114
-265
-385
-489
-569
-592
-597
-656
-732
-749
-753
-797
-806
-747
-733
-790
-802
-776
-823
-880
-822
-737
-734
-713
-612
-564
-622
-659
-625
-600
-593
-543
-453
-408
-470
-569
-574
-500
-478
-477
-387
-325
-432
-538
-481
-438
-523
-546
-452
-449
-546
-550
-488
-519
-585
-567
-528
-543
-556
-523
-485
-472
-485
-518
-546
-547
-523
-480
-436
-423
-445
-483
-515
-515
-474
-439
-444
-447
-430
-436
-459
-453
-434
-440
-442
-425
-418
-387
-270
-104
20
106
182
198
141
130
209
242
167
114
133
113
39
9
-16
-135
-280
-344
-384
-455
-506
-534
-581
-584
-508
-459
-468
-429
-389
-480
-548
-387
-226
-323
-377
-68
376
956
2338
4699
7187
9055
9971
9147
5885
986
-3785
-7228
-8796
-8264
-6220
-3921
-2194
-1136
-640
-498
-386
-211
-118
-109
-59
19
49
57
79
78
48
54
140
268
366
383
336
283
277
335
446
558
593
539
470
443
475
572
699
780
784
765
782
851
947
1051
1156
1229
1237
1237
1321
1445
1524
1621
1775
1852
1814
1810
1852
1817
1768
1820
1844
1714
1561
1465
1296
1045
847
677
430
190
48
-85
-258
-385
-467
-579
-676
-697
-709
-762
-789
-769
-768
-783
-760
-726
-722
-720
-695
-689
-708
-704
-682
-678
-662
-606
-562
-562
-546
-498
-494
-546
-563
-529
-520
-540
-517
-473
-495
-564
-572
-505
-446
-414
-367
-331
-365
-431
-435
-375
-342
-370
-398
-405
-447
-524
-545
-504
-516
-593
-609
-548
-529
-551
-511
-457
-495
-550
-521
-484
-507
-506
-459
-461
-498
-478
-436
-449
-467
-443
-432
-461
-478
-466
-451
-431
-401
-351
-255
-150
-98
-48
75
198
231
242
277
241
124
65
92
81
9
-36
-55
-114
-189
-232
-271
-345
-427
-477
-503
-541
-594
-611
-551
-466
-437
-461
-474
-466
-464
-429
-277
-2
383
1073
2399
4418
6729
8665
9464
8433
5393
1033
-3364
-6579
-7949
-7544
-6011
-4158
-2576
-1502
-874
-511
-298
-187
-115
-61
-43
-5
118
223
206
172
229
276
235
226
323
393
353
321
380
432
409
388
421
435
395
382
443
521
579
632
696
768
836
886
942
1038
1134
1189
1258
1363
1418
1409
1445
1541
1619
1681
1764
1806
1770
1720
1701
1681
1646
1587
1485
1360
1246
1118
944
752
560
346
143
12
-69
-165
-272
-368
-477
-602
-691
-725
-726
-700
-654
-629
-648
-685
-719
-742
-736
-702
-673
-654
-626
-594
-573
-553
-529
-523
-533
-536
-528
-518
-502
-482
-456
-411
-362
-353
-375
-382
-381
-403
-425
-407
-378
-381
-390
-366
-337
-362
-421
-449
-453
-477
-495
-462
-426
-451
-493
-484
-459
-480
-517
-526
-533
-568
-578
-509
-403
-332
-288
-212
-94
21
114
187
219
165
32
-83
-86
-32
-43
-107
-143
-206
-370
-508
-510
-512
-630
-736
-733
-728
-760
-724
-614
-556
-600
-678
-705
-679
-676
-684
-564
-308
-10
540
1735
3544
5572
7429
8482
7817
5152
1269
-2730
-5952
-7631
-7524
-6295
-4828
-3470
-2299
-1466
-950
-555
-272
-199
-231
-210
-167
-156
-125
-62
-24
8
80
146
147
122
121
135
149
164
178
207
256
286
296
348
430
453
430
465
534
533
503
544
605
625
674
798
915
992
1083
1186
1261
1335
1422
1463
1456
1475
1515
1520
1524
1567
1553
1436
1329
1267
1146
983
883
780
578
382
257
88
-128
-251
-315
-436
-536
-536
-557
-649
-689
-674
-716
-767
-736
-708
-755
-786
-765
-770
-795
-769
-728
-733
-736
-687
-624
-583
-550
-512
-497
-513
-517
-461
-388
-359
-340
-292
-292
-376
-435
-402
-356
-326
-266
-216
-254
-327
-348
-339
-342
-347
-362
-406
-444
-436
-407
-401
-422
-460
-504
-540
-551
-532
-504
-492
-483
-444
-388
-354
-331
-292
-241
-173
-59
82
202
281
310
268
176
88
30
2
-6
-10
-36
-99
-195
-291
-362
-421
-501
-592
-667
-719
-748
-742
-699
-645
-632
-693
-754
-714
-645
-650
-579
-254
237
961
2386
4631
7039
8850
9513
8341
4991
308
-4174
-7317
-8585
-7975
-6173
-4159
-2525
-1436
-871
-589
-348
-190
-201
-242
-206
-163
-135
-50
59
107
95
81
84
100
120
152
216
299
355
385
419
426
377
338
367
425
486
577
669
700
701
734
781
829
919
1036
1121
1191
1286
1372
1421
1493
1607
1704
1763
1819
1855
1836
1804
1818
1845
1821
1747
1655
1539
1386
1211
1031
838
617
381
181
37
-98
-256
-383
-467
-571
-683
-707
-664
-658
-686
-688
-709
-793
-867
-862
-811
-758
-711
-675
-672
-699
-723
-709
-670
-630
-591
-563
-558
-550
-519
-511
-532
-503
-431
-413
-441
-426
-406
-455
-496
-442
-389
-425
-465
-431
-381
-357
-323
-285
-300
-371
-457
-512
-522
-530
-583
-622
-595
-581
-625
-611
-522
-505
-565
-540
-446
-428
-454
-414
-388
-472
-562
-549
-494
-438
-321
-150
-35
11
75
165
213
222
225
178
58
-32
-29
-28
-88
-132
-145
-200
-273
-272
-256
-343
-480
-542
-556
-594
-606
-543
-498
-558
-642
-605
-483
-464
-537
-440
-101
360
1231
3026
5525
7874
9439
9695
7867
3849
-1118
-5416
-8071
-8697
-7468
-5254
-3093
-1545
-709
-397
-270
-136
-48
-19
31
87
79
49
66
108
114
89
91
138
178
201
259
349
383
362
374
413
397
366
437
568
620
620
669
711
676
685
815
930
954
991
1075
1132
1185
1300
1428
1512
1572
1624
1658
1709
1786
1835
1835
1828
1819
1782
1729
1694
1654
1545
1360
1172
1017
846
644
466
288
37
-219
-356
-426
-522
-581
-577
-644
-773
-797
-721
-686
-661
-574
-532
-614
-707
-728
-731
-740
-706
-636
-582
-572
-584
-573
-540
-530
-527
-485
-453
-483
-492
-439
-424
-472
-488
-486
-542
-576
-511
-449
-445
-413
-365
-405
-475
-479
-492
-564
-570
-489
-476
-548
-571
-554
-598
-635
-556
-457
-476
-542
-535
-515
-562
-592
-532
-484
-523
-555
-507
-472
-494
-473
-372
-310
-314
-253
-95
32
103
200
254
139
-34
-83
-70
-112
-136
-116
-186
-344
-419
-403
-431
-514
-571
-630
-730
-807
-800
-743
-671
-601
-584
-640
-674
-645
-629
-604
-431
-161
128
724
2013
3905
5997
7849
8735
7784
4873
841
-3195
-6265
-7646
-7305
-5976
-4434
-3029
-1932
-1221
-753
-386
-191
-196
-246
-232
-187
-127
-47
15
29
27
36
55
75
108
146
151
89
12
2
65
166
312
452
478
401
369
430
508
581
677
726
672
614
671
800
916
1018
1118
1177
1217
1294
1389
1447
1481
1507
1505
1492
1531
1595
1597
1536
1487
1432
1309
1172
1101
1021
840
636
493
329
92
-104
-205
-323
-472
-536
-518
-550
-632
-670
-675
-721
-767
-758
-741
-770
-798
-789
-768
-749
-721
-696
-669
-619
-569
-559
-550
-505
-478
-501
-488
-419
-393
-425
-401
-325
-323
-392
-397
-340
-335
-372
-351
-309
-350
-438
-454
-419
-426
-465
-475
-493
-557
-606
-590
-560
-542
-517
-511
-560
-597
-569
-526
-498
-447
-403
-442
-528
-558
-528
-502
-492
-458
-410
-390
-380
-301
-160
-66
-34
42
152
176
128
117
106
12
-86
-90
-88
-168
-264
-309
-364
-459
-542
-591
-640
-669
-648
-614
-604
-592
-589
-643
-697
-638
-520
-492
-493
-329
-13
430
1365
3159
5501
7688
9158
9263
7274
3316
-1360
-5376
-7888
-8469
-7300
-5290
-3368
-1915
-1011
-620
-476
-329
-223
-218
-195
-88
0
14
20
65
103
95
87
142
186
131
64
114
203
233
284
399
436
360
336
416
472
493
568
665
702
731
809
885
920
953
997
1050
1136
1256
1358
1435
1518
1591
1632
1680
1753
1800
1804
1826
1857
1822
1743
1687
1590
1402
1235
1152
1019
795
612
465
211
-84
-239
-298
-414
-540
-574
-587
-677
-766
-753
-707
-738
-791
-768
-715
-730
-758
-724
-684
-698
-695
-632
-581
-587
-584
-538
-496
-485
-456
-391
-351
-372
-379
-334
-313
-357
-366
-307
-296
-366
-383
-332
-339
-392
-357
-280
-304
-393
-420
-422
-477
-527
-508
-488
-513
-524
-482
-442
-439
-447
-432
-404
-386
-388
-398
-433
-509
-580
-582
-528
-467
-424
-409
-429
-450
-451
-453
-445
-402
-378
-401
-398
-350
-350
-396
-395
-367
-395
-421
-374
-335
-368
-378
-317
-275
-293
-283
-211
-139
-89
3
151
288
370
427
479
476
372
242
184
173
125
68
47
-4
-131
-241
-287
-347
-444
-498
-498
-486
-458
-414
-400
-400
-397
-443
-505
-424
-245
-220
-302
-158
197
611
1513
3419
5924
8180
9710
9907
7838
3560
-1473
-5730
-8344
-8823
-7359
-5049
-2990
-1561
-772
-492
-383
-223
-127
-162
-197
-161
-104
-18
99
188
205
181
161
166
196
235
255
261
293
362
411
446
519
580
541
476
495
542
554
617
747
833
863
920
990
1048
1135
1246
1330
1434
1579
1669
1683
1739
1834
1866
1870
1951
2040
2044
2023
2038
2014
1916
1814
1727
1585
1384
1169
931
658
411
215
34
-126
-227
-325
-457
-551
-583
-643
-722
-727
-707
-763
-824
-810
-797
-817
-768
-666
-635
-673
-692
-710
-742
-719
-619
-539
-530
-546
-555
-583
-615
-593
-523
-489
-504
-497
-464
-472
-511
-521
-506
-509
-521
-514
-479
-448
-462
-502
-510
-515
-569
-616
-598
-587
-625
-635
-600
-594
-613
-613
-615
-620
-585
-549
-554
-567
-572
-609
-633
-583
-514
-504
-521
-531
-552
-574
-560
-529
-511
-505
-511
-538
-550
-526
-502
-497
-457
-379
-343
-375
-405
-414
-457
-520
-506
-419
-361
-361
-346
-302
-286
-297
-264
-198
-183
-220
-212
-142
-77
-23
75
192
261
276
284
304
309
273
237
235
209
102
-2
-37
-82
-174
-214
-207
-264
-350
-350
-319
-344
-375
-357
-340
-329
-298
-282
-307
-323
-334
-377
-362
-161
202
769
1834
3590
5752
7779
9080
8908
6686
2753
-1693
-5423
-7621
-7933
-6705
-4873
-3209
-1913
-996
-480
-231
-50
49
5
-55
9
119
154
137
141
166
195
229
264
296
321
324
329
380
453
474
472
504
539
536
547
595
633
646
679
741
799
827
845
897
978
1035
1093
1210
1329
1375
1429
1550
1628
1606
1607
1682
1737
1746
1781
1842
1858
1799
1703
1610
1506
1359
1209
1105
1002
823
603
396
194
-5
-156
-255
-326
-380
-428
-497
-573
-634
-681
-716
-723
-704
-694
-728
-772
-762
-709
-684
-672
-628
-604
-659
-696
-643
-576
-547
-497
-428
-417
-460
-486
-485
-476
-462
-448
-453
-459
-459
-466
-468
-427
-395
-434
-490
-483
-485
-547
-559
-475
-444
-506
-519
-472
-516
-612
-590
-501
-514
-574
-544
-484
-498
-510
-460
-457
-567
-660
-641
-588
-574
-530
-440
-403
-419
-330
-123
24
66
132
181
85
-42
-42
-39
-162
-278
-298
-354
-470
-520
-518
-581
-675
-702
-685
-686
-677
-645
-638
-660
-655
-640
-662
-675
-638
-627
-634
-525
-282
61
758
2099
3979
6041
7842
8602
7501
4513
490
-3529
-6606
-7988
-7581
-6129
-4501
-3059
-1867
-1070
-692
-476
-252
-168
-271
-310
-180
-98
-138
-125
-32
-14
-62
-49
13
32
37
92
165
186
168
165
189
228
286
350
406
453
484
492
524
599
652
663
710
797
860
926
1043
1139
1170
1187
1209
1224
1292
1412
1494
1534
1603
1640
1586
1547
1576
1537
1396
1295
1262
1172
1012
861
687
418
133
-46
-139
-255
-411
-559
-700
-845
-925
-884
-798
-778
-816
-861
-902
-933
-918
-869
-832
-826
-838
-848
-832
-796
-776
-775
-755
-724
-711
-706
-681
-641
-597
-550
-500
-451
-418
-429
-450
-421
-359
-326
-314
-298
-314
-370
-394
-374
-360
-356
-350
-379
-424
-427
-412
-437
-475
-500
-545
-603
-598
-527
-459
-446
-466
-484
-489
-497
-489
-448
-419
-448
-480
-463
-430
-400
-348
-311
-336
-387
-410
-415
-376
-257
-111
-15
56
134
189
230
320
407
377
255
150
54
-62
-119
-84
-78
-150
-210
-240
-320
-426
-487
-526
-571
-573
-541
-537
-551
-549
-562
-538
-415
-312
-318
-236
82
618
1610
3422
5805
8031
9481
9500
7404
3380
-1360
-5511
-8141
-8683
-7412
-5367
-3390
-1810
-866
-541
-403
-209
-124
-137
-47
83
91
81
145
172
122
117
162
159
133
181
274
337
387
461
514
516
505
514
525
549
604
670
712
748
788
813
839
929
1055
1133
1172
1257
1358
1393
1414
1534
1695
1779
1835
1966
2077
2042
1955
1972
2023
1977
1895
1890
1864
1697
1482
1345
1196
933
649
450
271
54
-133
-237
-314
-406
-500
-567
-619
-678
-728
-720
-676
-675
-712
-710
-696
-723
-735
-684
-657
-683
-664
-583
-551
-584
-600
-590
-604
-616
-574
-502
-481
-506
-506
-465
-457
-486
-474
-421
-431
-484
-445
-344
-345
-412
-400
-394
-531
-653
-585
-494
-555
-614
-554
-533
-619
-632
-541
-526
-600
-595
-509
-471
-475
-443
-419
-443
-456
-436
-446
-477
-484
-488
-506
-478
-424
-420
-445
-434
-434
-486
-520
-488
-439
-377
-271
-166
-132
-129
-65
72
223
354
446
449
328
179
116
107
53
-16
-45
-85
-162
-195
-199
-278
-427
-534
-575
-585
-555
-493
-463
-490
-552
-585
-518
-407
-394
-395
-196
203
826
2086
4180
6554
8485
9479
8850
6063
1692
-2850
-6407
-8267
-8122
-6474
-4410
-2650
-1389
-711
-508
-391
-186
-66
-87
-72
-4
-11
-55
2
110
140
132
179
221
204
192
227
242
230
248
306
366
423
483
535
562
568
583
645
733
802
839
864
875
894
969
1095
1210
1285
1331
1374
1441
1542
1650
1742
1792
1780
1745
1765
1811
1816
1807
1817
1762
1619
1490
1397
1243
1035
858
698
484
254
69
-94
-263
-390
-448
-493
-563
-625
-669
-727
-782
-783
-759
-756
-743
-689
-663
-686
-688
-662
-678
-703
-662
-598
-586
-578
-534
-489
-446
-371
-328
-369
-440
-503
-588
-634
-565
-464
-452
-466
-429
-418
-502
-571
-541
-492
-503
-497
-427
-401
-490
-585
-596
-589
-622
-623
-560
-516
-539
-573
-572
-564
-584
-603
-587
-556
-549
-534
-473
-410
-418
-474
-518
-535
-521
-447
-330
-219
-121
-22
55
107
131
82
-42
-134
-150
-149
-138
-81
-80
-214
-361
-419
-485
-586
-620
-607
-660
-734
-738
-712
-722
-747
-768
-755
-686
-625
-607
-510
-295
-35
466
1605
3383
5419
7347
8612
8297
5954
2191
-1925
-5466
-7596
-7871
-6737
-5111
-3546
-2220
-1283
-761
-470
-296
-261
-303
-290
-208
-113
-26
20
-1
-14
34
67
39
31
66
83
112
219
318
311
257
245
247
250
309
411
465
467
482
522
555
594
657
723
775
827
889
977
1082
1180
1265
1354
1424
1453
1477
1529
1579
1620
1673
1706
1671
1603
1542
1472
1381
1301
1213
1053
819
585
383
190
13
-90
-148
-249
-390
-479
-525
-612
-714
-727
-684
-682
-702
-679
-674
-765
-875
-886
-823
-765
-714
-648
-609
-619
-628
-586
-527
-510
-531
-528
-479
-414
-358
-308
-283
-302
-351
-379
-367
-345
-352
-374
-369
-338
-326
-341
-347
-344
-394
-486
-528
-503
-517
-562
-521
-438
-475
-574
-586
-580
-657
-682
-581
-507
-522
-490
-412
-394
-415
-405
-398
-411
-415
-412
-390
-297
-196
-167
-120
31
158
187
256
373
325
136
55
78
7
-88
-58
-49
-201
-340
-360
-418
-557
-624
-618
-657
-703
-657
-580
-565
-597
-616
-597
-558
-558
-570
-447
-137
346
1280
3021
5377
7693
9366
9707
7935
4047
-807
-5204
-8123
-8966
-7849
-5731
-3630
-2021
-1051
-681
-571
-433
-313
-277
-217
-130
-107
-98
-20
41
29
27
66
68
58
132
245
267
232
254
308
312
325
406
477
462
438
466
502
530
599
703
788
847
912
982
1057
1137
1216
1298
1403
1509
1590
1672
1761
1792
1778
1818
1908
1942
1939
1967
1954
1832
1699
1604
1447
1213
1016
858
659
446
284
130
-40
-176
-271
-378
-503
-618
-705
-755
-757
-732
-706
-705
-740
-795
-849
-890
-883
-810
-727
-679
-626
-569
-576
-618
-583
-507
-503
-535
-503
-459
-487
-514
-463
-416
-442
-472
-461
-472
-506
-498
-452
-431
-434
-453
-498
-526
-484
-424
-392
-353
-332
-405
-494
-482
-434
-456
-488
-488
-532
-615
-617
-536
-474
-465
-472
-487
-505
-518
-529
-523
-479
-434
-425
-405
-327
-255
-245
-230
-128
3
94
194
332
396
313
182
105
49
-23
-65
-59
-83
-181
-297
-358
-380
-426
-499
-540
-534
-534
-547
-500
-416
-419
-514
-542
-457
-383
-359
-257
-45
230
751
1895
3747
5973
8055
9314
8894
6363
2248
-2280
-6025
-8060
-8073
-6630
-4704
-2939
-1617
-855
-520
-316
-168
-152
-189
-149
-73
-26
25
92
128
144
168
188
185
185
202
229
271
329
369
374
364
360
359
384
457
551
621
668
695
698
716
803
916
1000
1090
1210
1281
1298
1367
1476
1502
1484
1552
1653
1676
1709
1813
1853
1785
1754
1762
1700
1619
1583
1484
1303
1171
1052
813
562
419
257
15
-137
-186
-309
-483
-540
-526
-576
-656
-691
-730
-800
-835
-787
-696
-633
-623
-629
-631
-655
-680
-630
-532
-491
-501
-476
-453
-507
-571
-539
-464
-443
-440
-383
-337
-382
-441
-408
-369
-421
-463
-407
-376
-431
-427
-337
-340
-429
-434
-392
-454
-528
-485
-448
-518
-565
-544
-592
-693
-681
-601
-589
-579
-488
-450
-528
-577
-543
-550
-598
-563
-450
-374
-352
-309
-225
-167
-163
-142
-43
48
33
-23
-20
-31
-141
-260
-279
-273
-331
-392
-379
-364
-446
-573
-629
-637
-678
-714
-662
-582
-591
-683
-751
-741
-691
-648
-571
-407
-180
173
966
2443
4441
6512
8086
8402
6848
3559
-589
-4494
-7180
-8097
-7430
-5920
-4267
-2838
-1775
-1107
-720
-458
-286
-270
-346
-327
-210
-173
-215
-180
-103
-107
-107
-28
6
-44
-31
72
154
218
312
358
324
313
383
482
575
654
696
689
656
641
682
761
829
884
948
988
992
1020
1102
1200
1311
1447
1558
1608
1641
1683
1710
1739
1790
1808
1759
1696
1635
1522
1369
1227
1060
829
623
499
367
177
16
-110
-278
-436
-484
-501
-588
-664
-655
-652
-681
-649
-581
-605
-686
-707
-691
-708
-699
-622
-566
-585
-604
-581
-573
-596
-586
-531
-498
-502
-476
-409
-369
-371
-351
-304
-287
-312
-333
-339
-361
-410
-443
-428
-407
-443
-498
-498
-477
-502
-522
-486
-467
-511
-546
-531
-501
-473
-440
-432
-461
-501
-525
-518
-479
-431
-395
-380
-385
-371
-264
-87
67
186
294
316
220
125
105
64
-40
-117
-145
-212
-310
-367
-415
-528
-662
-746
-777
-762
-703
-654
-644
-635
-651
-734
-745
-583
-445
-465
-375
-10
457
1198
2782
5157
7507
9146
9562
8007
4261
-619
-5073
-8033
-8979
-8001
-5937
-3787
-2092
-1053
-636
-489
-314
-201
-223
-205
-102
-70
-90
-24
79
105
101
124
128
89
73
108
161
211
266
334
398
425
428
463
520
542
564
652
754
786
792
836
896
931
970
1041
1123
1170
1195
1283
1442
1550
1580
1654
1773
1803
1801
1905
2017
1987
1929
1942
1886
1716
1594
1539
1395
1164
965
765
477
181
0
-116
-276
-445
-526
-566
-657
-733
-711
-697
-774
-808
-735
-692
-704
-663
-613
-660
-711
-678
-644
-637
-576
-507
-506
-509
-469
-460
-474
-438
-396
-408
-411
-381
-388
-428
-434
-429
-455
-461
-423
-410
-445
-470
-468
-478
-484
-454
-420
-426
-450
-467
-489
-529
-569
-588
-575
-539
-504
-500
-528
-568
-597
-605
-583
-529
-476
-484
-546
-582
-572
-567
-551
-490
-452
-487
-492
-411
-322
-242
-109
18
68
123
234
288
237
175
128
33
-71
-125
-177
-253
-275
-246
-269
-368
-489
-641
-797
-814
-669
-537
-491
-453
-456
-581
-676
-595
-499
-525
-472
-197
202
857
2178
4190
6402
8268
9200
8418
5577
1342
-3050
-6476
-8154
-7903
-6347
-4433
-2761
-1537
-816
-498
-341
-206
-155
-222
-243
-94
78
109
113
192
202
100
101
228
261
200
230
293
247
211
311
398
373
389
501
548
505
526
607
617
611
726
887
958
982
1018
1024
1015
1072
1181
1298
1433
1539
1554
1561
1630
1660
1622
1642
1699
1650
1554
1559
1587
1508
1386
1288
1137
911
706
555
398
208
5
-180
-315
-397
-457
-503
-529
-565
-629
-683
-694
-683
-694
-711
-685
-628
-613
-635
-621
-588
-604
-625
-589
-546
-542
-516
-450
-406
-406
-420
-440
-443
-396
-328
-290
-278
-288
-332
-392
-429
-444
-461
-486
-487
-441
-384
-374
-405
-434
-458
-480
-474
-458
-475
-521
-575
-629
-622
-511
-373
-267
-136
-1
29
-2
31
69
28
10
58
35
-71
-136
-184
-287
-352
-347
-398
-511
-583
-661
-779
-810
-742
-736
-777
-736
-701
-786
-834
-738
-672
-712
-651
-435
-196
238
1271
2952
4962
6927
8230
7968
5739
2105
-1923
-5366
-7347
-7530
-6465
-5010
-3621
-2454
-1623
-1070
-615
-257
-111
-127
-151
-160
-193
-208
-164
-121
-100
-30
70
86
41
57
115
129
146
218
270
260
270
332
389
427
464
478
464
474
537
622
711
811
885
901
913
979
1061
1121
1196
1292
1348
1376
1428
1468
1458
1451
1488
1530
1556
1567
1536
1447
1321
1178
1053
962
856
690
506
329
137
-48
-167
-230
-288
-373
-487
-582
-615
-640
-696
-715
-691
-738
-838
-846
-778
-768
-788
-738
-666
-662
-675
-640
-588
-560
-533
-484
-443
-448
-463
-426
-339
-270
-245
-253
-301
-382
-432
-404
-335
-290
-288
-312
-359
-436
-502
-509
-485
-500
-526
-487
-421
-427
-478
-486
-476
-517
-540
-445
-302
-242
-219
-112
40
121
168
258
301
195
43
-27
-65
-150
-229
-268
-337
-452
-550
-614
-666
-717
-770
-809
-805
-793
-811
-796
-741
-762
-828
-750
-595
-593
-622
-402
-10
512
1640
3665
6066
8104
9284
8929
6418
2171
-2444
-6190
-8337
-8555
-7197
-5228
-3432
-2075
-1231
-846
-635
-410
-282
-303
-298
-191
-114
-106
-44
69
90
26
35
108
108
69
113
172
143
127
219
293
263
249
319
354
329
382
509
557
546
623
754
811
850
961
1058
1073
1113
1230
1325
1372
1446
1533
1573
1605
1669
1706
1686
1672
1683
1669
1627
1589
1524
1383
1199
1028
854
641
414
210
28
-142
-283
-378
-441
-519
-630
-730
-781
-813
-850
-850
-807
-782
-797
-799
-769
-735
-701
-658
-632
-652
-698
-718
-684
-624
-566
-510
-480
-519
-583
-591
-554
-535
-514
-467
-446
-484
-538
-561
-545
-510
-492
-470
-402
-366
-444
-519
-488
-483
-569
-578
-495
-521
-635
-636
-578
-625
-681
-624
-572
-601
-600
-537
-530
-592
-613
-580
-557
-533
-448
-329
-243
-168
-39
108
187
195
186
155
67
-40
-82
-70
-99
-190
-260
-291
-353
-442
-484
-505
-589
-708
-771
-779
-790
-807
-782
-716
-683
-711
-688
-551
-471
-548
-536
-250
177
859
2318
4611
7039
8884
9596
8427
5012
189
-4487
-7759
-8998
-8270
-6331
-4147
-2373
-1297
-842
-635
-431
-309
-309
-284
-190
-118
-68
15
92
97
47
10
19
45
65
106
168
204
231
316
435
509
552
615
648
625
639
735
819
855
916
987
991
997
1105
1244
1322
1395
1496
1548
1565
1642
1750
1808
1859
1948
2013
2031
2062
2086
2048
1983
1930
1840
1700
1574
1462
1298
1093
892
661
385
153
6
-130
-284
-400
-485
-593
-683
-678
-624
-624
-658
-640
-588
-580
-581
-518
-463
-506
-562
-527
-475
-490
-495
-441
-414
-437
-423
-371
-380
-449
-490
-502
-517
-494
-403
-335
-361
-407
-403
-397
-425
-405
-315
-274
-332
-369
-330
-334
-420
-459
-408
-394
-442
-437
-381
-396
-480
-506
-452
-426
-467
-489
-455
-442
-463
-412
-270
-180
-185
-162
-67
1
38
130
243
256
179
127
124
102
45
10
0
-59
-171
-263
-335
-453
-593
-674
-692
-695
-690
-669
-637
-599
-583
-609
-608
-535
-493
-511
-422
-161
183
786
2048
4004
6207
8099
9005
8140
5243
1029
-3258
-6494
-7980
-7675
-6224
-4458
-2908
-1789
-1101
-675
-367
-198
-174
-184
-173
-161
-112
-2
93
131
170
201
168
127
157
209
226
260
317
332
321
338
357
343
340
371
396
411
466
555
626
678
745
803
819
843
935
1052
1145
1255
1402
1501
1511
1515
1547
1540
1507
1552
1665
1710
1646
1564
1493
1377
1245
1196
1191
1085
873
682
528
335
139
15
-95
-261
-412
-481
-519
-562
-584
-604
-656
-707
-716
-709
-707
-692
-674
-697
-749
-755
-692
-614
-539
-451
-384
-382
-398
-364
-301
-268
-283
-342
-413
-453
-452
-421
-367
-347
-408
-486
-496
-481
-477
-439
-377
-364
-368
-320
-284
-332
-390
-373
-321
-288
-234
-133
-51
-13
66
195
243
171
96
37
-82
-200
-218
-239
-363
-485
-524
-569
-653
-690
-674
-680
-724
-760
-778
-791
-807
-828
-854
-858
-809
-745
-696
-591
-389
-142
298
1319
3034
5117
7137
8484
8240
5928
2142
-2012
-5569
-7692
-7949
-6826
-5249
-3739
-2436
-1489
-930
-596
-382
-310
-347
-387
-344
-217
-97
-67
-81
-71
-85
-150
-173
-111
-60
-62
-24
70
123
122
149
195
193
178
217
275
318
380
457
500
529
589
648
685
751
867
969
1025
1079
1147
1193
1208
1242
1323
1413
1473
1511
1547
1564
1528
1451
1390
1363
1307
1188
1064
954
785
570
415
305
137
-49
-173
-304
-481
-576
-554
-545
-583
-580
-579
-683
-806
-811
-755
-746
-729
-648
-598
-645
-691
-665
-641
-648
-608
-519
-462
-432
-370
-309
-293
-294
-310
-371
-422
-401
-362
-358
-347
-319
-329
-351
-327
-301
-329
-362
-365
-388
-441
-469
-484
-537
-591
-576
-517
-487
-496
-515
-551
-614
-663
-643
-566
-511
-521
-537
-481
-362
-254
-158
-35
65
45
-33
-30
7
-62
-167
-159
-120
-185
-252
-217
-201
-284
-333
-316
-379
-536
-641
-678
-715
-715
-647
-597
-606
-637
-689
-726
-642
-496
-464
-458
-248
135
750
2085
4327
6827
8788
9675
8783
5632
962
-3664
-7062
-8643
-8250
-6460
-4355
-2649
-1475
-814
-534
-365
-200
-138
-179
-188
-130
-72
-26
35
110
164
188
203
223
223
183
134
145
226
318
382
434
468
451
404
404
472
555
632
735
855
935
956
970
1005
1050
1110
1217
1343
1428
1476
1538
1621
1696
1749
1786
1803
1804
1818
1874
1951
1980
1924
1814
1675
1512
1347
1198
1033
832
618
407
206
38
-111
-271
-404
-470
-531
-624
-689
-713
-765
-826
-804
-729
-701
-699
-661
-628
-637
-619
-554
-542
-595
-615
-599
-614
-608
-520
-462
-510
-553
-519
-509
-547
-536
-483
-490
-543
-541
-472
-408
-387
-391
-399
-419
-459
-479
-437
-386
-420
-515
-564
-570
-591
-591
-531
-513
-582
-601
-518
-453
-402
-248
-72
-30
-17
99
171
87
19
54
23
-108
-141
-57
-60
-179
-253
-273
-351
-447
-449
-439
-552
-721
-792
-775
-760
-725
-635
-577
-630
-724
-755
-712
-660
-649
-613
-419
-58
483
1537
3405
5761
7901
9233
9063
6725
2515
-2209
-6091
-8322
-8554
-7148
-5100
-3238
-1861
-1044
-679
-464
-274
-206
-226
-203
-166
-172
-159
-95
-39
-12
12
51
100
134
156
195
227
210
183
217
282
336
403
478
493
462
461
492
526
616
771
878
876
881
955
1016
1057
1191
1376
1434
1376
1381
1455
1486
1522
1661
1805
1818
1767
1768
1762
1675
1574
1516
1420
1253
1097
969
793
573
348
94
-169
-344
-441
-528
-555
-512
-539
-644
-662
-624
-694
-781
-726
-657
-697
-693
-582
-552
-633
-631
-540
-521
-554
-518
-474
-513
-553
-508
-452
-458
-465
-432
-418
-439
-440
-417
-429
-461
-470
-485
-528
-541
-523
-543
-592
-594
-570
-582
-582
-516
-481
-555
-634
-626
-611
-633
-592
-475
-422
-456
-444
-354
-269
-185
-50
73
97
41
-32
-93
-136
-167
-193
-205
-228
-299
-372
-367
-330
-344
-387
-424
-518
-669
-768
-768
-739
-728
-723
-704
-669
-648
-677
-695
-627
-562
-579
-524
-308
-87
201
988
2453
4324
6303
7944
8331
6771
3539
-472
-4295
-6936
-7764
-7047
-5587
-4000
-2636
-1667
-1026
-574
-304
-192
-147
-155
-190
-145
-46
-29
-64
-32
14
-5
-7
59
100
93
127
199
222
210
252
346
415
435
446
477
506
524
569
656
713
707
717
791
867
925
1016
1124
1187
1233
1295
1321
1299
1316
1394
1470
1521
1567
1580
1534
1461
1414
1404
1397
1347
1259
1172
1060
872
661
501
332
94
-118
-242
-368
-523
-592
-582
-619
-692
-693
-660
-683
-721
-703
-672
-668
-657
-625
-621
-668
-724
-732
-704
-680
-653
-610
-603
-638
-633
-580
-571
-583
-529
-467
-481
-469
-379
-349
-427
-473
-468
-509
-556
-503
-415
-392
-414
-444
-507
-584
-619
-600
-569
-545
-531
-543
-586
-618
-613
-608
-615
-559
-433
-326
-242
-109
19
39
2
-9
-45
-135
-189
-167
-132
-110
-91
-103
-158
-213
-247
-287
-338
-389
-461
-564
-651
-683
-685
-697
-711
-695
-655
-638
-656
-626
-515
-472
-565
-562
-301
102
789
2259
4502
6812
8590
9357
8271
4935
325
-4048
-7244
-8684
-8122
-6256
-4285
-2737
-1577
-880
-627
-457
-220
-135
-218
-217
-110
-62
-51
34
122
127
117
146
174
204
262
307
318
334
340
323
341
406
446
469
523
569
573
612
701
766
805
877
955
1011
1089
1197
1284
1341
1396
1462
1543
1639
1722
1798
1873
1907
1889
1890
1909
1870
1793
1760
1729
1619
1474
1340
1143
864
608
413
217
35
-76
-150
-250
-342
-405
-491
-606
-684
-721
-740
-712
-625
-564
-569
-581
-568
-570
-576
-551
-530
-561
-597
-586
-549
-531
-541
-580
-621
-625
-588
-536
-465
-395
-380
-413
-414
-384
-393
-435
-448
-447
-468
-478
-446
-432
-468
-508
-521
-526
-527
-510
-493
-511
-564
-618
-637
-606
-503
-327
-143
-30
21
62
68
9
-44
-42
-66
-151
-180
-111
-73
-143
-214
-236
-310
-461
-552
-558
-615
-740
-792
-778
-809
-847
-795
-720
-697
-698
-726
-788
-770
-667
-639
-616
-356
79
648
1837
3952
6402
8382
9405
8768
5833
1216
-3480
-7004
-8746
-8477
-6719
-4585
-2821
-1578
-890
-628
-450
-258
-206
-228
-152
-54
-51
-50
-7
-10
-41
1
73
88
90
132
162
170
223
304
320
288
303
358
396
447
541
605
599
611
682
739
765
831
932
1006
1065
1162
1261
1325
1385
1481
1587
1659
1688
1709
1739
1760
1771
1807
1855
1833
1723
1617
1540
1407
1200
1016
863
647
392
241
176
47
-134
-238
-314
-485
-665
-715
-721
-771
-767
-674
-634
-666
-655
-623
-653
-665
-611
-600
-640
-601
-520
-519
-523
-439
-400
-467
-487
-419
-429
-516
-521
-458
-469
-517
-484
-420
-438
-484
-465
-422
-437
-483
-494
-481
-494
-529
-543
-525
-516
-530
-516
-447
-379
-358
-339
-276
-213
-182
-138
-54
0
-19
-54
-66
-111
-203
-238
-173
-130
-169
-198
-180
-221
-315
-337
-306
-363
-488
-561
-611
-711
-781
-754
-709
-690
-653
-644
-714
-758
-706
-666
-634
-482
-234
109
880
2339
4290
6343
8000
8408
6880
3657
-340
-4152
-6835
-7734
-7064
-5674
-4177
-2803
-1745
-1098
-711
-447
-322
-332
-353
-299
-202
-132
-104
-105
-105
-81
-33
9
45
89
124
144
194
275
328
341
348
336
313
345
450
541
572
580
580
548
526
584
707
807
872
947
1028
1073
1119
1220
1339
1420
1485
1535
1544
1552
1612
1675
1686
1666
1602
1460
1319
1242
1159
1021
901
782
577
353
221
105
-74
-216
-260
-330
-456
-520
-520
-571
-632
-603
-555
-595
-647
-641
-647
-682
-649
-574
-564
-588
-562
-537
-549
-518
-430
-385
-385
-359
-335
-361
-368
-312
-249
-220
-195
-192
-246
-326
-374
-397
-410
-391
-336
-286
-238
-153
-51
-11
-20
-11
-17
-102
-175
-150
-112
-144
-159
-129
-177
-309
-371
-339
-328
-359
-380
-450
-622
-807
-895
-900
-879
-863
-860
-862
-864
-888
-898
-813
-676
-633
-638
-532
-356
-142
475
1868
3887
6089
8007
8853
7751
4646
452
-3681
-6762
-8094
-7682
-6263
-4602
-3113
-2001
-1290
-805
-471
-342
-337
-308
-284
-285
-207
-70
-32
-57
4
97
99
104
196
243
176
133
155
131
71
88
147
162
180
265
359
421
473
515
541
597
692
786
880
989
1059
1079
1115
1184
1239
1294
1364
1409
1405
1390
1386
1408
1465
1527
1543
1512
1424
1284
1152
1064
948
780
626
487
306
129
21
-83
-250
-415
-516
-581
-651
-691
-681
-668
-700
-741
-748
-751
-785
-801
-768
-717
-664
-596
-543
-532
-549
-567
-562
-501
-426
-399
-383
-334
-324
-374
-386
-352
-379
-436
-404
-328
-330
-365
-357
-360
-408
-411
-336
-243
-145
-26
57
68
44
-2
-86
-143
-135
-136
-181
-195
-180
-214
-284
-324
-366
-454
-536
-569
-598
-639
-681
-718
-733
-710
-706
-737
-736
-707
-758
-836
-761
-591
-569
-643
-546
-281
82
950
2756
5189
7479
9049
9260
7360
3429
-1281
-5366
-7964
-8639
-7536
-5548
-3622
-2150
-1208
-798
-661
-504
-359
-348
-355
-274
-208
-208
-157
-31
51
39
1
-17
-4
52
134
198
241
254
204
141
167
241
259
259
338
441
483
506
572
636
661
677
741
868
994
1051
1108
1241
1351
1347
1363
1488
1567
1529
1558
1703
1767
1692
1667
1716
1658
1491
1408
1383
1218
926
705
552
339
124
21
-77
-287
-498
-586
-621
-671
-691
-689
-756
-867
-915
-896
-881
-847
-762
-701
-726
-752
-720
-696
-711
-685
-619
-611
-666
-690
-655
-594
-536
-497
-480
-475
-510
-566
-542
-422
-351
-382
-404
-384
-417
-485
-468
-373
-341
-414
-489
-494
-487
-495
-427
-244
-76
-16
12
65
51
-70
-178
-176
-132
-129
-128
-73
-41
-117
-223
-238
-217
-284
-395
-431
-450
-567
-710
-741
-715
-757
-817
-775
-691
-695
-765
-757
-662
-623
-680
-615
-303
109
699
1986
4129
6530
8521
9579
8849
5760
1083
-3601
-7118
-8783
-8349
-6471
-4330
-2591
-1380
-758
-583
-477
-332
-288
-296
-204
-74
-20
-19
-25
-40
-49
-37
-2
59
133
191
237
270
284
294
331
384
451
533
591
583
557
566
606
659
734
801
840
888
970
1056
1151
1265
1349
1380
1444
1573
1667
1683
1711
1767
1761
1708
1735
1810
1786
1665
1590
1549
1422
1244
1149
1075
871
595
414
286
90
-97
-154
-196
-351
-496
-498
-477
-548
-605
-580
-598
-683
-678
-555
-478
-495
-514
-529
-588
-624
-571
-484
-428
-395
-387
-397
-391
-374
-398
-432
-424
-412
-435
-441
-429
-469
-523
-496
-447
-448
-438
-396
-422
-491
-494
-472
-511
-532
-472
-410
-372
-288
-170
-85
-37
7
36
30
-24
-88
-114
-122
-152
-143
-75
-73
-186
-282
-319
-391
-479
-482
-472
-555
-664
-687
-665
-662
-663
-665
-696
-740
-774
-789
-755
-657
-571
-523
-426
-245
15
569
1722
3508
5631
7560
8493
7690
5040
1165
-2899
-6005
-7407
-7195
-6023
-4505
-3075
-1998
-1265
-713
-320
-141
-127
-173
-198
-133
10
141
209
237
235
191
120
81
104
147
162
199
281
310
266
288
393
438
424
480
559
543
523
622
723
727
750
847
893
893
975
1088
1099
1092
1156
1191
1171
1237
1363
1394
1387
1469
1529
1475
1446
1498
1466
1337
1266
1237
1107
924
792
648
429
247
149
36
-124
-246
-331
-437
-534
-553
-532
-551
-613
-657
-674
-699
-718
-671
-588
-555
-575
-575
-555
-545
-538
-528
-518
-491
-471
-472
-435
-356
-343
-395
-385
-321
-314
-321
-277
-273
-350
-384
-355
-360
-392
-383
-368
-346
-241
-91
-23
-14
-8
-63
-182
-211
-145
-157
-250
-239
-162
-213
-337
-336
-306
-439
-604
-601
-578
-707
-826
-789
-771
-881
-956
-906
-854
-837
-800
-759
-748
-737
-740
-732
-609
-366
-14
745
2239
4312
6442
8061
8427
6844
3418
-817
-4647
-7198
-8043
-7338
-5795
-4180
-2869
-1878
-1159
-704
-475
-377
-347
-344
-303
-181
-55
-37
-136
-244
-259
-182
-91
-11
61
69
-11
-63
-13
68
120
175
225
228
189
171
217
304
362
385
431
483
484
528
703
870
898
907
975
1000
995
1098
1250
1297
1286
1332
1389
1396
1392
1389
1334
1232
1147
1110
1086
1025
897
715
496
273
100
-6
-94
-187
-288
-417
-555
-635
-674
-725
-740
-690
-681
-729
-717
-653
-652
-669
-615
-570
-617
-659
-616
-543
-495
-457
-420
-406
-439
-492
-481
-401
-367
-395
-375
-310
-317
-359
-329
-279
-306
-341
-315
-287
-300
-320
-340
-369
-402
-456
-514
-503
-448
-449
-476
-419
-333
-307
-254
-91
54
85
90
116
69
-53
-127
-134
-162
-182
-121
-68
-125
-202
-234
-317
-455
-492
-464
-542
-681
-723
-731
-792
-804
-717
-670
-705
-734
-745
-737
-654
-571
-590
-555
-307
92
838
2419
4788
7214
9026
9611
8143
4433
-403
-4848
-7893
-8959
-8036
-6011
-3966
-2364
-1285
-771
-596
-421
-247
-240
-314
-312
-263
-221
-141
-30
43
55
36
1
3
87
192
234
259
308
306
239
235
317
375
396
457
523
534
551
636
729
789
851
919
955
996
1084
1182
1262
1355
1450
1515
1578
1661
1710
1727
1766
1803
1802
1828
1886
1871
1772
1668
1527
1312
1119
988
810
574
374
191
-48
-249
-339
-423
-564
-636
-603
-599
-658
-662
-618
-633
-677
-645
-583
-584
-619
-610
-567
-550
-576
-588
-559
-532
-534
-497
-429
-427
-486
-495
-471
-478
-454
-365
-328
-362
-354
-325
-363
-380
-311
-293
-381
-422
-408
-479
-577
-544
-480
-527
-568
-505
-491
-592
-643
-582
-542
-533
-453
-329
-251
-185
-95
-26
8
44
53
16
-7
-5
-59
-135
-118
-43
-54
-141
-215
-290
-386
-415
-368
-360
-451
-583
-713
-791
-769
-690
-646
-632
-622
-655
-724
-703
-563
-454
-430
-307
11
446
1186
2696
4970
7326
9015
9417
7840
4127
-687
-5015
-7788
-8614
-7650
-5661
-3638
-2114
-1147
-635
-399
-232
-106
-88
-123
-104
-43
4
57
155
248
265
226
212
239
272
309
369
416
415
392
397
437
490
528
538
547
589
636
656
689
769
833
861
941
1097
1214
1251
1296
1372
1407
1410
1463
1556
1614
1644
1686
1716
1701
1683
1689
1684
1658
1646
1607
1474
1291
1141
972
742
552
438
261
18
-137
-213
-352
-497
-528
-539
-628
-685
-655
-655
-701
-678
-612
-603
-621
-598
-583
-600
-578
-495
-435
-434
-441
-432
-449
-488
-480
-434
-442
-488
-461
-383
-375
-403
-379
-373
-452
-491
-406
-305
-269
-248
-242
-301
-395
-448
-444
-409
-394
-421
-451
-457
-491
-541
-516
-424
-385
-389
-320
-199
-157
-163
-97
-10
-47
-144
-141
-104
-184
-268
-186
-74
-123
-200
-170
-207
-408
-536
-501
-534
-694
-761
-719
-755
-849
-838
-771
-775
-814
-805
-762
-712
-683
-667
-566
-348
-86
390
1446
3122
5081
6970
8186
7795
5398
1671
-2323
-5677
-7569
-7623
-6404
-4856
-3451
-2257
-1377
-859
-530
-234
-64
-127
-264
-250
-152
-141
-138
-19
82
46
0
40
60
23
33
102
127
97
93
133
162
176
226
312
372
401
458
536
566
576
630
702
755
839
947
1005
1033
1103
1154
1152
1209
1351
1430
1430
1474
1527
1461
1371
1403
1469
1430
1354
1321
1238
1047
862
740
596
405
253
144
10
-127
-217
-315
-440
-505
-505
-535
-581
-582
-597
-670
-702
-666
-666
-716
-714
-659
-613
-554
-459
-405
-433
-474
-457
-406
-367
-346
-325
-328
-379
-424
-391
-327
-312
-319
-285
-265
-318
-372
-349
-321
-361
-407
-399
-409
-476
-499
-441
-420
-457
-439
-380
-396
-411
-285
-116
-48
9
129
157
45
4
85
82
-40
-75
-29
-91
-207
-188
-151
-290
-452
-452
-459
-603
-693
-657
-697
-809
-782
-672
-688
-785
-824
-816
-780
-700
-636
-563
-363
-6
661
2067
4278
6673
8533
9269
8141
4856
306
-4058
-7209
-8575
-8060
-6347
-4421
-2796
-1611
-945
-672
-506
-385
-373
-374
-280
-165
-118
-114
-97
-53
6
47
69
89
102
95
106
152
191
200
220
265
313
356
384
371
356
394
454
500
587
724
812
837
908
1011
1040
1051
1173
1330
1402
1450
1539
1569
1530
1546
1618
1633
1617
1636
1630
1567
1519
1466
1333
1176
1061
915
720
570
442
228
-8
-156
-271
-418
-495
-468
-472
-576
-667
-711
-797
-904
-880
-741
-665
-672
-640
-607
-681
-763
-709
-605
-569
-542
-488
-489
-547
-572
-531
-459
-383
-340
-330
-323
-331
-376
-390
-356
-362
-422
-434
-400
-412
-454
-455
-457
-493
-501
-465
-465
-514
-554
-571
-581
-563
-509
-425
-308
-178
-68
32
106
105
59
46
30
-36
-90
-81
-58
-35
-11
-51
-182
-325
-446
-546
-575
-544
-591
-727
-805
-801
-813
-815
-740
-662
-688
-758
-725
-590
-536
-599
-535
-230
203
1004
2691
5140
7526
9165
9491
7749
3844
-1033
-5345
-8114
-8883
-7804
-5778
-3760
-2189
-1206
-774
-580
-389
-264
-245
-211
-133
-73
-44
-26
10
80
132
139
176
243
236
185
199
248
259
282
342
364
345
362
411
467
550
645
700
736
799
875
937
1004
1073
1113
1126
1169
1281
1422
1515
1571
1650
1725
1729
1716
1765
1824
1818
1806
1848
1860
1760
1606
1475
1340
1157
960
777
573
345
153
6
-141
-284
-385
-467
-547
-580
-558
-565
-624
-658
-639
-646
-695
-693
-614
-570
-594
-582
-503
-482
-547
-558
-483
-477
-557
-552
-440
-399
-442
-418
-351
-394
-500
-513
-468
-487
-525
-492
-429
-425
-468
-505
-532
-572
-602
-582
-531
-523
-572
-619
-636
-646
-647
-629
-610
-609
-591
-507
-353
-187
-70
-18
-39
-145
-271
-314
-270
-218
-159
-68
-21
-99
-232
-319
-380
-467
-534
-538
-540
-623
-745
-802
-798
-829
-875
-819
-704
-694
-761
-724
-604
-581
-601
-465
-212
38
546
1708
3498
5539
7413
8460
7821
5219
1344
-2718
-5978
-7656
-7556
-6286
-4671
-3162
-1957
-1182
-740
-429
-228
-191
-206
-155
-75
-22
18
29
-1
-6
61
143
213
293
339
296
249
281
331
355
408
472
464
423
454
532
594
658
720
725
700
704
733
784
872
939
947
962
1022
1076
1146
1278
1384
1391
1396
1445
1460
1447
1489
1538
1521
1489
1476
1411
1279
1132
976
797
629
485
320
117
-61
-169
-243
-322
-383
-431
-525
-655
-721
-700
-667
-669
-693
-724
-746
-739
-699
-623
-545
-542
-611
-649
-609
-547
-486
-422
-388
-416
-471
-504
-476
-399
-335
-316
-312
-318
-348
-370
-355
-344
-367
-408
-461
-510
-506
-458
-423
-386
-293
-200
-174
-148
-51
8
-62
-144
-134
-148
-251
-280
-184
-180
-330
-408
-364
-397
-505
-508
-482
-620
-806
-839
-803
-844
-881
-831
-784
-809
-848
-849
-813
-756
-703
-636
-496
-301
-44
565
1882
3837
6000
7882
8794
7887
4963
863
-3242
-6457
-8110
-7952
-6537
-4809
-3277
-2019
-1121
-662
-468
-313
-209
-245
-305
-222
-68
-19
-37
10
77
48
-20
6
116
186
199
242
306
273
174
173
265
300
303
381
469
479
501
589
662
715
808
886
902
932
994
1018
1051
1166
1280
1304
1301
1325
1355
1399
1487
1589
1660
1669
1601
1500
1433
1379
1291
1190
1082
906
664
446
287
139
-12
-147
-272
-403
-506
-550
-566
-598
-620
-605
-598
-628
-643
-636
-660
-679
-611
-509
-488
-536
-575
-615
-654
-620
-506
-420
-414
-423
-406
-408
-425
-396
-339
-334
-366
-353
-321
-349
-384
-353
-328
-387
-440
-405
-368
-398
-399
-343
-347
-429
-441
-351
-272
-210
-87
41
66
21
-9
-47
-121
-179
-188
-188
-194
-183
-164
-174
-201
-232
-289
-377
-446
-484
-543
-637
-712
-749
-782
-809
-782
-707
-655
-675
-708
-669
-592
-576
-545
-341
-12
439
1440
3352
5819
8098
9526
9300
6756
2313
-2580
-6522
-8661
-8696
-7106
-4943
-3025
-1665
-926
-635
-463
-305
-243
-223
-147
-76
-49
4
73
78
39
22
32
48
84
156
239
286
292
299
317
314
312
365
455
515
548
580
593
587
613
676
739
806
888
938
960
1029
1154
1274
1402
1560
1670
1674
1651
1664
1673
1663
1684
1717
1712
1677
1637
1572
1468
1325
1142
949
793
641
437
211
36
-108
-269
-411
-488
-556
-673
-777
-783
-738
-750
-806
-805
-754
-750
-786
-757
-677
-659
-697
-674
-594
-571
-617
-625
-568
-529
-547
-550
-496
-449
-460
-471
-430
-406
-463
-525
-507
-468
-479
-488
-457
-454
-524
-595
-610
-600
-607
-606
-572
-543
-560
-591
-592
-589
-614
-621
-575
-523
-480
-384
-256
-188
-173
-139
-111
-143
-186
-191
-204
-254
-291
-280
-251
-242
-262
-292
-320
-364
-418
-438
-448
-523
-658
-779
-860
-895
-857
-767
-711
-723
-780
-844
-848
-738
-601
-538
-462
-247
126
848
2294
4479
6854
8718
9370
8097
4739
158
-4265
-7366
-8503
-7760
-5947
-3985
-2364
-1275
-737
-490
-256
-75
-65
-105
-71
-37
-60
-44
50
141
187
219
241
234
210
203
231
282
331
373
417
452
458
460
488
527
558
604
662
698
718
760
827
912
1009
1095
1155
1212
1273
1313
1351
1438
1540
1588
1615
1684
1747
1738
1708
1720
1727
1684
1626
1571
1468
1293
1082
886
719
570
422
277
134
-7
-148
-282
-404
-500
-570
-624
-647
-604
-538
-522
-546
-550
-549
-573
-589
-576
-577
-603
-610
-579
-543
-518
-488
-447
-425
-442
-464
-454
-440
-446
-423
-363
-344
-382
-388
-347
-333
-349
-349
-361
-421
-484
-501
-477
-436
-400
-392
-395
-388
-392
-389
-322
-225
-178
-143
-75
-65
-143
-189
-189
-239
-290
-244
-193
-229
-273
-278
-307
-369
-421
-476
-539
-584
-632
-687
-704
-715
-790
-854
-804
-732
-768
-818
-751
-676
-695
-645
-421
-192
92
891
2425
4389
6388
7920
8093
6265
2823
-1197
-4807
-7153
-7725
-6846
-5375
-3902
-2626
-1677
-1088
-700
-389
-208
-189
-217
-188
-133
-111
-90
-28
33
50
48
45
32
30
54
74
94
155
234
272
299
357
384
344
343
441
537
575
632
713
724
681
695
775
842
895
983
1091
1160
1195
1239
1280
1276
1262
1311
1389
1412
1410
1439
1431
1332
1240
1206
1130
984
876
810
673
457
248
59
-124
-248
-285
-288
-310
-366
-455
-558
-635
-673
-683
-671
-643
-623
-639
-676
-684
-645
-606
-592
-569
-546
-571
-601
-544
-449
-426
-443
-420
-395
-416
-405
-318
-251
-276
-310
-284
-264
-302
-324
-303
-332
-422
-459
-438
-458
-486
-445
-393
-370
-287
-137
-24
50
112
78
-55
-141
-152
-189
-224
-186
-173
-257
-333
-339
-363
-429
-462
-474
-530
-620
-715
-810
-866
-851
-810
-762
-680
-625
-677
-749
-694
-584
-564
-540
-352
-75
304
1231
3048
5409
7642
9135
9099
6850
2734
-1922
-5816
-8120
-8465
-7195
-5250
-3416
-2018
-1155
-735
-503
-344
-291
-277
-225
-181
-142
-55
20
22
24
45
11
-37
15
115
143
131
166
224
261
321
428
498
470
405
387
419
469
542
641
723
760
782
819
864
915
992
1089
1180
1260
1349
1436
1498
1547
1614
1673
1672
1638
1643
1658
1601
1515
1475
1404
1225
1036
900
713
465
286
167
1
-163
-260
-370
-508
-573
-575
-604
-637
-648
-701
-787
-817
-796
-768
-713
-645
-626
-635
-625
-637
-686
-695
-648
-619
-609
-550
-475
-461
-460
-408
-373
-422
-470
-444
-419
-437
-416
-350
-362
-456
-492
-467
-495
-556
-545
-506
-542
-604
-608
-596
-644
-712
-719
-676
-660
-679
-659
-607
-628
-704
-683
-545
-419
-332
-215
-121
-142
-216
-233
-219
-231
-240
-232
-248
-281
-292
-309
-354
-380
-383
-440
-547
-604
-616
-678
-769
-784
-746
-747
-766
-721
-661
-699
-810
-842
-725
-596
-570
-514
-270
75
586
1770
3873
6343
8436
9606
9096
6297
1777
-2981
-6697
-8605
-8430
-6735
-4596
-2716
-1363
-696
-524
-401
-249
-257
-302
-183
-42
-16
24
132
189
189
203
215
216
233
240
233
280
361
400
437
539
621
601
553
554
574
591
656
770
844
824
787
827
923
1018
1118
1235
1327
1375
1406
1456
1547
1652
1717
1778
1896
1989
1961
1911
1928
1902
1776
1673
1606
1454
1240
1070
905
685
463
269
74
-109
-242
-333
-401
-469
-546
-605
-638
-678
-710
-682
-648
-667
-673
-609
-553
-551
-539
-513
-537
-584
-579
-540
-518
-491
-456
-455
-472
-460
-438
-441
-438
-411
-401
-419
-420
-401
-400
-406
-387
-364
-369
-388
-405
-438
-476
-482
-478
-499
-499
-448
-429
-469
-459
-399
-419
-497
-501
-466
-487
-465
-307
-133
-49
19
106
130
83
48
28
-32
-95
-97
-63
-33
0
22
-9
-72
-113
-153
-235
-325
-383
-437
-518
-586
-609
-620
-656
-673
-630
-577
-591
-634
-602
-515
-492
-495
-355
-63
332
1109
2642
4787
6947
8538
8911
7346
3800
-674
-4698
-7356
-8225
-7374
-5535
-3666
-2253
-1298
-727
-461
-332
-206
-103
-76
-82
-42
18
20
-7
32
95
88
76
168
282
306
307
347
340
272
273
368
440
461
492
532
536
527
562
652
758
832
874
925
981
1007
1044
1163
1314
1382
1380
1413
1466
1471
1492
1601
1694
1670
1613
1605
1563
1463
1410
1391
1282
1106
954
793
596
454
369
232
51
-87
-211
-359
-445
-440
-446
-496
-519
-520
-558
-605
-600
-565
-554
-553
-540
-541
-584
-628
-620
-573
-535
-507
-482
-482
-502
-492
-441
-383
-348
-352
-391
-410
-384
-352
-322
-268
-248
-305
-350
-326
-324
-382
-413
-410
-453
-515
-529
-528
-550
-542
-470
-367
-264
-173
-110
-68
-37
-24
-27
-42
-79
-135
-179
-191
-178
-155
-164
-225
-294
-337
-389
-452
-502
-572
-700
-828
-891
-900
-880
-829
-763
-718
-712
-757
-817
-822
-779
-724
-605
-395
-172
165
954
2370
4259
6294
7862
8049
6309
2972
-1075
-4806
-7226
-7846
-7044
-5593
-4041
-2684
-1692
-1034
-587
-320
-238
-273
-328
-321
-224
-114
-74
-68
-46
-46
-83
-83
-21
32
48
87
154
185
185
219
261
243
205
227
279
315
373
469
527
522
537
608
672
700
744
830
913
975
1052
1138
1176
1165
1174
1233
1302
1359
1408
1433
1421
1395
1353
1278
1189
1102
975
815
686
568
384
175
29
-94
-254
-387
-454
-522
-616
-669
-668
-672
-704
-733
-735
-725
-737
-751
-716
-652
-644
-670
-652
-619
-624
-603
-504
-413
-399
-412
-399
-381
-375
-358
-321
-287
-282
-288
-268
-240
-261
-314
-344
-358
-383
-396
-390
-399
-415
-400
-367
-345
-341
-364
-410
-440
-452
-467
-474
-460
-455
-447
-403
-346
-308
-259
-180
-84
25
130
180
163
117
61
10
-11
-23
-42
-23
31
42
9
-20
-95
-246
-350
-349
-359
-437
-501
-546
-623
-684
-654
-574
-522
-542
-627
-686
-637
-563
-525
-372
-19
425
1161
2697
5007
7345
8996
9390
7820
4105
-677
-4954
-7732
-8622
-7708
-5733
-3693
-2135
-1152
-676
-475
-307
-182
-165
-138
-46
-20
-73
-58
14
6
-52
-26
46
64
83
193
310
331
331
396
454
443
433
466
489
510
577
653
684
706
732
732
754
856
969
1036
1123
1256
1348
1375
1419
1502
1565
1604
1667
1735
1752
1739
1755
1794
1813
1806
1742
1587
1410
1292
1162
956
763
617
402
133
-25
-92
-241
-444
-536
-540
-596
-665
-642
-607
-683
-784
-772
-707
-695
-690
-638
-612
-656
-697
-689
-652
-616
-601
-605
-589
-568
-587
-597
-533
-466
-468
-472
-425
-395
-419
-440
-428
-423
-448
-481
-492
-483
-486
-506
-515
-519
-562
-641
-681
-648
-583
-534
-488
-447
-465
-561
-652
-669
-645
-615
-534
-378
-217
-123
-68
-1
55
46
1
-28
-58
-122
-168
-140
-62
-3
0
-50
-121
-214
-340
-434
-428
-403
-476
-585
-620
-635
-691
-700
-614
-561
-619
-691
-666
-558
-465
-438
-378
-179
146
726
1992
4110
6575
8632
9622
8808
5760
1120
-3628
-7137
-8675
-8206
-6413
-4277
-2471
-1289
-745
-531
-316
-145
-164
-219
-140
-68
-98
-55
125
236
208
211
283
284
227
242
304
311
290
306
350
400
454
500
536
551
529
502
527
584
651
759
883
942
968
1027
1073
1078
1144
1291
1406
1460
1544
1650
1699
1691
1698
1718
1693
1626
1583
1586
1567
1489
1390
1284
1137
958
782
588
372
186
41
-98
-208
-280
-372
-505
-607
-663
-715
-751
-737
-710
-699
-687
-673
-666
-628
-570
-557
-580
-576
-562
-575
-564
-501
-473
-502
-492
-418
-369
-365
-345
-338
-404
-469
-457
-443
-497
-518
-447
-379
-361
-325
-291
-342
-422
-430
-412
-433
-448
-431
-437
-457
-453
-460
-493
-484
-429
-353
-223
-62
5
-2
33
30
-99
-168
-81
-72
-190
-169
-51
-135
-316
-294
-224
-360
-495
-434
-421
-588
-679
-621
-666
-810
-804
-696
-710
-766
-709
-666
-735
-748
-621
-480
-356
-92
465
1442
2952
4934
6932
8096
7605
5259
1577
-2512
-5904
-7661
-7634
-6495
-5005
-3568
-2409
-1628
-1095
-651
-344
-254
-298
-331
-309
-259
-204
-154
-142
-168
-181
-147
-89
-24
42
91
102
89
85
119
174
218
256
302
329
334
360
426
497
563
623
677
738
812
877
936
997
1026
1012
1015
1050
1089
1150
1243
1318
1371
1426
1451
1436
1439
1449
1412
1356
1303
1195
1045
912
765
583
437
315
143
-31
-144
-270
-437
-544
-563
-585
-639
-680
-690
-694
-707
-705
-662
-649
-720
-775
-720
-641
-588
-483
-359
-349
-405
-399
-366
-379
-379
-342
-331
-350
-344
-306
-268
-265
-306
-351
-377
-415
-430
-359
-280
-300
-338
-323
-362
-474
-494
-425
-441
-505
-444
-331
-316
-293
-128
40
70
68
121
99
-49
-140
-88
-67
-144
-155
-75
-98
-224
-252
-202
-268
-405
-444
-441
-534
-653
-673
-632
-629
-655
-640
-577
-563
-637
-668
-585
-556
-636
-585
-291
116
818
2267
4419
6651
8362
8938
7636
4308
-100
-4260
-7200
-8368
-7761
-6090
-4249
-2695
-1541
-839
-499
-308
-184
-192
-281
-291
-192
-110
-86
-37
46
63
9
-18
0
1
-7
38
144
242
286
309
360
400
387
384
451
505
499
527
631
703
709
738
806
839
847
910
1027
1126
1196
1283
1382
1422
1408
1426
1491
1547
1620
1736
1796
1731
1634
1541
1393
1223
1116
1001
804
604
459
303
122
-36
-181
-340
-474
-558
-599
-604
-584
-582
-612
-652
-683
-707
-715
-694
-644
-610
-636
-689
-707
-710
-715
-669
-571
-518
-522
-498
-439
-407
-386
-338
-309
-331
-344
-319
-302
-306
-307
-320
-353
-377
-383
-396
-405
-399
-409
-435
-418
-375
-384
-426
-408
-364
-372
-361
-227
-58
26
80
167
170
38
-69
-56
-53
-99
-62
27
-14
-143
-192
-229
-375
-490
-467
-476
-617
-721
-726
-779
-889
-900
-822
-801
-857
-879
-813
-710
-659
-643
-524
-236
182
962
2548
4903
7356
9164
9653
8097
4346
-593
-5154
-8132
-9007
-7995
-5941
-3765
-2054
-1072
-709
-539
-343
-261
-301
-261
-170
-189
-226
-136
-26
-1
13
50
41
24
80
163
203
234
271
264
240
279
351
384
401
452
492
493
508
572
631
676
756
871
961
1027
1107
1181
1235
1331
1485
1624
1703
1752
1763
1725
1696
1730
1783
1808
1800
1751
1649
1534
1432
1312
1145
942
698
416
161
-9
-134
-251
-341
-397
-457
-513
-523
-499
-498
-527
-570
-612
-647
-665
-658
-619
-580
-576
-590
-589
-597
-610
-573
-502
-478
-485
-464
-448
-474
-456
-369
-306
-299
-271
-246
-297
-374
-384
-370
-391
-403
-388
-416
-488
-503
-448
-430
-465
-470
-452
-487
-513
-449
-398
-451
-480
-395
-301
-229
-84
61
68
29
76
90
-17
-95
-77
-93
-139
-81
12
-32
-150
-201
-238
-348
-447
-483
-542
-643
-675
-635
-634
-679
-677
-650
-679
-727
-692
-611
-580
-548
-394
-162
81
554
1621
3342
5441
7467
8706
8265
5777
1827
-2434
-5879
-7693
-7682
-6402
-4726
-3228
-2085
-1298
-796
-456
-215
-111
-158
-224
-174
-45
36
69
110
126
77
52
100
151
163
185
232
271
289
295
280
265
265
270
300
384
462
488
511
560
587
608
689
801
890
986
1084
1127
1132
1155
1170
1175
1233
1330
1359
1333
1354
1421
1453
1457
1470
1442
1316
1164
1076
1022
912
738
543
335
116
-63
-184
-274
-351
-415
-472
-500
-490
-502
-585
-678
-733
-792
-853
-827
-725
-655
-625
-560
-506
-544
-608
-599
-573
-591
-580
-504
-482
-539
-535
-430
-358
-342
-290
-239
-300
-387
-375
-332
-360
-406
-440
-512
-597
-611
-576
-535
-483
-446
-463
-451
-353
-250
-200
-148
-124
-208
-327
-347
-308
-293
-265
-208
-214
-288
-343
-372
-435
-503
-538
-583
-660
-722
-760
-786
-775
-730
-703
-699
-702
-738
-791
-765
-679
-631
-571
-388
-128
280
1186
2778
4806
6848
8306
8309
6303
2684
-1525
-5253
-7579
-8043
-7034
-5403
-3756
-2372
-1425
-885
-536
-282
-192
-219
-213
-162
-148
-140
-87
-43
-44
-22
39
80
91
105
110
127
189
258
292
334
375
345
295
352
475
546
604
713
761
689
639
698
765
814
927
1057
1091
1091
1145
1196
1212
1269
1348
1365
1366
1437
1504
1509
1513
1517
1428
1274
1157
1062
933
816
734
617
444
274
111
-65
-222
-335
-434
-525
-575
-575
-550
-522
-527
-577
-640
-680
-696
-675
-610
-556
-574
-609
-586
-549
-561
-550
-460
-396
-419
-410
-328
-316
-395
-384
-263
-218
-265
-236
-156
-179
-256
-233
-190
-256
-335
-315
-291
-329
-344
-314
-342
-414
-423
-360
-272
-142
29
161
199
169
108
41
-5
-19
-16
0
15
-8
-66
-113
-173
-278
-374
-415
-473
-577
-658
-708
-793
-867
-859
-820
-809
-789
-775
-811
-813
-717
-652
-632
-454
-101
325
1190
2987
5463
7843
9525
9783
7742
3510
-1496
-5782
-8443
-8977
-7588
-5372
-3366
-1899
-1027
-725
-643
-466
-307
-311
-329
-274
-239
-217
-117
5
47
31
14
-4
-4
45
119
169
202
241
271
274
265
267
292
344
432
531
602
636
650
646
657
738
869
968
1039
1130
1209
1248
1326
1470
1579
1605
1622
1647
1649
1657
1714
1762
1742
1671
1589
1505
1408
1279
1124
957
776
563
337
123
-76
-259
-388
-443
-448
-464
-517
-589
-666
-758
-832
-837
-786
-730
-667
-616
-623
-661
-664
-666
-681
-638
-571
-592
-622
-536
-439
-436
-405
-324
-354
-473
-479
-395
-377
-385
-319
-263
-306
-376
-392
-403
-458
-504
-466
-392
-373
-389
-374
-382
-461
-523
-509
-497
-500
-431
-302
-202
-119
-20
54
82
100
93
47
5
-18
-65
-118
-133
-129
-145
-157
-155
-172
-232
-318
-402
-466
-525
-607
-692
-725
-721
-727
-720
-647
-565
-570
-629
-617
-554
-577
-622
-453
-79
386
1270
3022
5386
7619
9120
9223
7161
3080
-1674
-5653
-8026
-8428
-7131
-5109
-3251
-1853
-993
-645
-501
-320
-229
-280
-260
-136
-98
-125
-53
69
96
82
107
123
102
128
213
272
266
245
242
256
291
371
468
503
455
416
437
482
554
686
804
825
799
816
873
949
1042
1118
1148
1174
1240
1332
1417
1481
1507
1484
1440
1438
1479
1485
1418
1335
1247
1107
942
824
703
508
295
139
-4
-166
-291
-356
-423
-516
-588
-610
-623
-655
-670
-649
-659
-722
-738
-669
-638
-677
-675
-634
-675
-731
-645
-498
-472
-504
-466
-420
-439
-414
-297
-228
-285
-355
-369
-393
-445
-442
-391
-386
-417
-397
-354
-369
-413
-431
-471
-541
-560
-509
-458
-417
-365
-312
-245
-135
-20
62
109
80
-43
-156
-197
-227
-251
-191
-114
-138
-223
-284
-370
-493
-563
-551
-535
-564
-632
-708
-757
-779
-793
-758
-676
-657
-750
-818
-791
-764
-748
-607
-374
-198
82
881
2314
4179
6239
7944
8256
6524
3173
-838
-4608
-7166
-7835
-6966
-5534
-4085
-2739
-1704
-1094
-689
-350
-195
-227
-232
-131
-22
42
83
87
50
22
41
83
128
181
250
317
364
364
322
271
241
233
252
310
384
419
427
464
533
582
617
673
731
765
827
937
1040
1110
1172
1214
1227
1242
1281
1322
1352
1362
1358
1355
1337
1270
1213
1202
1149
1016
919
871
752
581
470
362
170
-17
-128
-232
-336
-383
-405
-462
-518
-548
-576
-597
-593
-584
-572
-562
-574
-579
-528
-478
-480
-456
-371
-337
-368
-347
-282
-290
-338
-335
-317
-337
-341
-300
-246
-195
-163
-189
-236
-257
-289
-335
-312
-255
-283
-355
-349
-329
-359
-326
-202
-146
-161
-92
22
45
55
132
120
-55
-195
-209
-218
-229
-132
-19
-65
-211
-291
-324
-395
-461
-474
-525
-666
-798
-817
-772
-755
-750
-693
-632
-673
-780
-783
-676
-630
-646
-510
-198
153
783
2199
4380
6692
8483
9130
7869
4481
-111
-4438
-7406
-8503
-7818
-6050
-4093
-2498
-1448
-885
-591
-389
-286
-286
-283
-228
-186
-160
-113
-74
-67
-39
11
25
20
66
118
118
132
209
255
234
243
310
357
389
459
530
543
539
570
630
702
777
826
863
923
998
1063
1138
1214
1250
1267
1331
1422
1483
1517
1550
1554
1526
1508
1504
1471
1403
1321
1211
1049
869
701
529
346
179
23
-134
-266
-358
-440
-503
-532
-574
-655
-704
-706
-728
-766
-754
-722
-727
-736
-719
-716
-718
-692
-658
-628
-571
-524
-529
-529
-478
-450
-465
-455
-435
-478
-534
-528
-499
-493
-459
-393
-356
-362
-374
-390
-410
-412
-383
-339
-311
-333
-379
-402
-417
-456
-465
-422
-402
-436
-459
-474
-535
-593
-552
-438
-321
-201
-65
34
73
89
101
74
5
-62
-91
-89
-61
-25
-19
-76
-183
-304
-397
-443
-452
-457
-474
-529
-639
-759
-812
-811
-794
-741
-650
-607
-652
-697
-658
-598
-594
-558
-352
-25
453
1495
3424
5887
8189
9686
9545
7051
2598
-2390
-6508
-8822
-8912
-7246
-4970
-2973
-1578
-860
-637
-518
-325
-174
-115
-92
-91
-100
-85
-54
0
84
134
122
127
162
150
100
107
158
196
245
319
350
346
401
501
551
581
654
704
688
739
899
1003
985
1004
1102
1141
1134
1241
1418
1490
1498
1595
1716
1727
1703
1760
1818
1794
1757
1764
1737
1624
1467
1298
1098
879
684
529
374
181
-45
-254
-413
-531
-622
-669
-691
-748
-835
-868
-835
-812
-807
-758
-705
-727
-758
-706
-642
-632
-613
-564
-566
-600
-581
-539
-525
-492
-436
-433
-472
-466
-433
-426
-413
-372
-359
-386
-401
-377
-335
-306
-321
-370
-404
-409
-427
-452
-448
-434
-464
-503
-489
-448
-452
-481
-473
-441
-443
-463
-450
-407
-384
-389
-384
-357
-367
-421
-426
-360
-330
-339
-277
-177
-150
-113
25
123
86
67
110
74
-14
-4
21
-50
-89
-16
2
-76
-95
-73
-156
-261
-249
-241
-364
-477
-475
-486
-569
-580
-490
-449
-504
-539
-508
-470
-462
-440
-340
-166
73
559
1614
3346
5492
7582
8933
8691
6400
2521
-1853
-5558
-7675
-7861
-6615
-4839
-3164
-1850
-1010
-566
-298
-119
-82
-128
-129
-57
44
153
218
210
205
245
250
206
215
270
263
246
336
465
499
489
506
489
411
391
471
558
612
682
751
772
787
849
916
959
1026
1128
1206
1261
1333
1395
1411
1433
1490
1523
1506
1503
1524
1518
1486
1465
1425
1340
1239
1144
1035
915
796
658
493
331
161
-37
-210
-303
-364
-437
-487
-502
-537
-592
-613
-610
-640
-695
-733
-747
-749
-736
-712
-690
-671
-643
-608
-556
-484
-410
-363
-336
-319
-330
-364
-362
-312
-276
-280
-276
-266
-296
-348
-361
-354
-381
-423
-420
-382
-370
-400
-425
-436
-472
-521
-504
-429
-395
-412
-384
-318
-289
-255
-138
-25
-19
-42
-5
8
-57
-98
-70
-94
-187
-213
-156
-158
-227
-247
-238
-320
-457
-530
-563
-661
-778
-787
-715
-700
-731
-690
-613
-660
-797
-829
-743
-701
-695
-567
-338
-125
283
1298
3008
5084
7057
8265
7877
5507
1709
-2405
-5769
-7616
-7709
-6545
-4949
-3461
-2254
-1394
-850
-473
-195
-94
-164
-244
-231
-184
-140
-66
6
11
-8
12
44
57
84
115
125
147
186
190
178
193
202
184
220
322
385
391
441
543
606
624
675
755
791
798
870
999
1088
1139
1226
1306
1299
1260
1274
1306
1318
1361
1443
1468
1406
1326
1256
1146
997
873
773
613
404
252
159
21
-138
-228
-303
-450
-575
-586
-569
-615
-672
-699
-748
-829
-854
-789
-716
-699
-694
-665
-653
-660
-622
-549
-521
-547
-573
-582
-572
-517
-413
-317
-295
-353
-411
-415
-404
-403
-348
-262
-266
-345
-364
-351
-416
-497
-484
-446
-466
-472
-412
-373
-417
-491
-543
-579
-594
-569
-514
-474
-481
-525
-559
-536
-434
-290
-161
-60
34
88
74
48
51
17
-77
-137
-124
-114
-124
-106
-84
-110
-145
-167
-223
-331
-444
-544
-646
-724
-718
-646
-611
-643
-658
-651
-719
-808
-726
-534
-481
-523
-384
-62
362
1250
3017
5387
7657
9228
9391
7398
3376
-1454
-5680
-8301
-8810
-7516
-5433
-3443
-1905
-989
-655
-518
-315
-181
-179
-126
19
100
102
132
190
197
168
160
170
164
167
209
256
268
274
300
330
364
421
466
480
506
566
625
697
798
868
882
930
1038
1112
1136
1189
1253
1263
1287
1408
1544
1606
1650
1729
1764
1731
1715
1725
1674
1599
1598
1616
1534
1404
1307
1169
944
740
588
381
122
-52
-134
-226
-344
-426
-489
-589
-707
-767
-772
-806
-884
-909
-841
-773
-750
-703
-633
-626
-662
-623
-517
-445
-421
-398
-397
-432
-442
-392
-335
-299
-285
-317
-396
-454
-473
-497
-524
-505
-461
-431
-398
-362
-368
-421
-472
-493
-492
-479
-471
-482
-507
-510
-477
-440
-437
-463
-504
-560
-600
-571
-520
-527
-555
-531
-517
-556
-555
-489
-473
-500
-438
-299
-190
-81
73
173
156
112
77
2
-57
-12
49
26
2
34
12
-77
-98
-78
-164
-281
-277
-251
-341
-466
-555
-675
-785
-748
-604
-487
-429
-440
-514
-524
-433
-394
-374
-141
264
765
1818
3829
6314
8445
9678
9307
6600
1984
-2971
-6839
-8844
-8703
-6908
-4591
-2637
-1336
-707
-524
-386
-170
-46
-18
42
93
73
102
230
319
312
303
316
296
282
341
395
373
348
387
433
460
511
580
605
573
529
530
598
706
817
935
1054
1111
1081
1074
1172
1283
1319
1371
1510
1602
1573
1578
1674
1697
1623
1641
1763
1814
1776
1766
1752
1638
1475
1362
1250
1042
778
580
435
259
95
18
-68
-245
-391
-416
-433
-505
-555
-567
-603
-652
-677
-679
-662
-643
-647
-635
-578
-548
-578
-581
-550
-574
-644
-666
-646
-622
-569
-486
-438
-441
-472
-523
-562
-536
-479
-468
-480
-448
-415
-436
-442
-398
-412
-516
-575
-534
-508
-537
-535
-502
-541
-635
-662
-602
-554
-548
-527
-491
-520
-609
-646
-591
-530
-508
-490
-481
-524
-578
-549
-426
-280
-161
-81
-38
-42
-89
-141
-147
-121
-109
-91
-25
31
-1
-83
-146
-225
-327
-362
-323
-321
-377
-435
-521
-655
-745
-753
-741
-706
-621
-574
-614
-622
-556
-528
-519
-399
-209
28
630
1919
3791
5886
7734
8532
7466
4519
543
-3388
-6335
-7628
-7259
-5928
-4400
-3029
-1918
-1132
-637
-318
-119
-68
-132
-184
-143
-81
-59
-17
62
81
42
52
95
103
145
258
317
274
255
291
296
290
348
418
434
435
467
511
558
613
674
735
783
805
830
886
958
1038
1134
1216
1267
1307
1332
1331
1358
1433
1475
1455
1448
1453
1408
1352
1339
1292
1150
983
840
678
482
294
128
-31
-180
-295
-359
-397
-465
-564
-629
-652
-702
-769
-761
-698
-686
-706
-663
-606
-634
-680
-641
-594
-616
-624
-567
-527
-513
-457
-388
-366
-348
-318
-328
-353
-338
-328
-357
-359
-324
-330
-374
-399
-418
-453
-458
-415
-378
-384
-415
-448
-481
-505
-503
-479
-467
-486
-512
-513
-484
-423
-324
-197
-76
-8
6
16
40
33
-12
-46
-73
-158
-270
-310
-278
-268
-295
-297
-269
-295
-393
-477
-504
-563
-677
-734
-698
-692
-754
-773
-714
-676
-710
-753
-730
-657
-632
-653
-545
-250
142
860
2368
4588
6876
8649
9299
8001
4580
47
-4261
-7368
-8586
-7851
-6019
-4070
-2401
-1204
-629
-420
-209
-59
-118
-194
-121
-28
7
75
161
171
135
122
114
118
177
256
292
323
384
416
400
418
495
550
546
544
578
613
644
726
857
937
931
929
974
1003
1035
1152
1302
1374
1412
1493
1549
1553
1610
1739
1822
1825
1813
1795
1750
1693
1620
1495
1316
1104
896
737
627
502
320
104
-109
-288
-407
-486
-554
-599
-620
-657
-706
-717
-709
-722
-720
-664
-605
-593
-615
-654
-679
-664
-636
-621
-594
-570
-598
-628
-590
-546
-549
-546
-525
-532
-521
-461
-426
-428
-394
-367
-405
-421
-373
-364
-402
-385
-353
-400
-471
-489
-487
-480
-434
-386
-386
-424
-491
-580
-627
-604
-575
-570
-557
-546
-579
-635
-654
-632
-598
-567
-514
-423
-335
-297
-260
-159
-43
13
54
132
163
83
-15
-50
-87
-164
-190
-132
-112
-178
-222
-230
-306
-425
-470
-490
-591
-687
-678
-651
-676
-664
-596
-574
-624
-661
-631
-547
-485
-475
-382
-94
348
1144
2745
5095
7482
9208
9646
8016
4183
-736
-5214
-8184
-9043
-7881
-5695
-3569
-1933
-909
-528
-455
-304
-144
-159
-215
-155
-80
-90
-93
-4
102
137
156
237
312
291
252
290
330
315
346
457
518
504
528
591
604
605
658
713
731
755
787
811
870
965
1039
1126
1274
1399
1438
1482
1569
1610
1624
1723
1858
1902
1911
1981
2014
1927
1848
1835
1736
1508
1313
1183
971
684
466
305
86
-156
-312
-392
-475
-564
-606
-599
-616
-685
-734
-715
-687
-676
-624
-546
-545
-600
-599
-558
-570
-592
-543
-497
-515
-487
-366
-303
-368
-428
-432
-470
-515
-454
-342
-314
-346
-338
-302
-292
-281
-242
-233
-287
-355
-393
-407
-396
-358
-327
-329
-350
-386
-440
-479
-485
-492
-508
-513
-525
-551
-539
-488
-470
-486
-469
-443
-461
-481
-455
-440
-477
-496
-455
-422
-438
-447
-402
-340
-284
-197
-80
4
30
47
82
93
55
-5
-59
-96
-103
-75
-43
-41
-86
-167
-248
-300
-320
-323
-333
-380
-458
-513
-534
-554
-557
-501
-450
-485
-530
-476
-403
-436
-468
-328
-81
239
962
2385
4318
6352
8078
8750
7497
4274
34
-4065
-7069
-8257
-7602
-5950
-4214
-2739
-1620
-965
-656
-437
-289
-308
-358
-277
-147
-77
-26
16
3
1
72
132
143
193
265
263
261
346
405
363
344
404
439
445
515
608
622
605
646
708
730
737
767
811
871
969
1094
1203
1268
1304
1357
1449
1538
1582
1605
1622
1606
1598
1667
1739
1689
1578
1513
1404
1177
991
903
722
435
265
193
-8
-261
-347
-360
-472
-556
-505
-496
-612
-681
-629
-585
-582
-544
-505
-548
-619
-632
-616
-633
-654
-648
-665
-712
-709
-655
-631
-628
-586
-550
-565
-568
-527
-502
-499
-471
-436
-425
-419
-417
-425
-414
-398
-429
-468
-459
-457
-496
-500
-460
-485
-578
-620
-592
-575
-570
-517
-440
-421
-467
-495
-469
-435
-405
-320
-175
-58
-12
2
-4
-59
-141
-187
-179
-148
-127
-133
-168
-219
-270
-292
-282
-278
-329
-441
-582
-696
-745
-748
-729
-684
-637
-636
-656
-642
-593
-521
-432
-355
-296
-191
63
661
1856
3684
5819
7710
8616
7792
5075
1132
-3019
-6374
-8068
-7897
-6561
-4895
-3257
-1884
-1056
-665
-357
-116
-106
-167
-80
45
69
80
118
99
57
86
132
134
164
232
239
192
185
193
164
169
263
362
402
447
536
615
663
726
820
892
911
928
984
1045
1078
1118
1190
1249
1269
1294
1343
1387
1414
1445
1485
1523
1539
1531
1510
1469
1377
1265
1191
1131
1030
911
791
604
348
132
-8
-141
-275
-347
-376
-431
-511
-558
-572
-616
-693
-724
-693
-691
-739
-751
-718
-725
-752
-710
-645
-653
-671
-596
-484
-434
-423
-403
-416
-479
-503
-423
-316
-264
-232
-187
-189
-258
-307
-301
-303
-321
-315
-323
-387
-456
-486
-500
-512
-515
-533
-576
-598
-577
-541
-500
-453
-419
-413
-403
-361
-302
-247
-174
-70
10
18
14
45
41
-26
-55
-26
-52
-127
-113
-48
-81
-176
-213
-247
-362
-463
-480
-512
-618
-713
-745
-765
-803
-816
-776
-738
-760
-799
-747
-642
-634
-672
-511
-150
294
1148
2884
5260
7549
9205
9562
7735
3729
-1167
-5507
-8359
-9124
-7915
-5786
-3748
-2122
-1054
-649
-564
-399
-263
-317
-317
-123
6
-47
-67
11
14
-51
-9
102
124
109
176
262
278
281
312
320
306
323
376
440
501
549
583
613
644
677
729
814
923
1032
1110
1168
1249
1348
1424
1494
1575
1618
1612
1644
1733
1802
1823
1813
1736
1606
1520
1494
1444
1344
1213
1019
760
538
400
270
99
-66
-207
-362
-508
-580
-604
-650
-700
-700
-697
-741
-782
-786
-806
-837
-809
-740
-721
-744
-746
-726
-707
-662
-586
-524
-503
-512
-534
-538
-527
-531
-530
-486
-447
-449
-430
-381
-403
-486
-510
-483
-493
-500
-454
-432
-486
-531
-512
-468
-443
-430
-419
-439
-504
-561
-554
-523
-519
-505
-467
-444
-405
-304
-206
-158
-104
-47
-53
-78
-67
-90
-179
-239
-253
-276
-283
-248
-247
-294
-315
-324
-386
-441
-459
-535
-673
-732
-713
-732
-750
-670
-586
-617
-688
-685
-619
-566
-550
-475
-223
199
862
2141
4214
6559
8394
9146
8216
5205
736
-3723
-6957
-8404
-8008
-6308
-4257
-2552
-1388
-727
-421
-238
-75
21
30
13
15
45
92
155
239
311
306
242
208
237
280
303
312
321
329
340
368
418
469
497
499
504
556
646
699
718
786
878
875
850
947
1072
1080
1106
1266
1406
1432
1481
1576
1599
1582
1638
1719
1727
1687
1649
1593
1504
1433
1399
1305
1091
875
747
591
363
224
158
-56
-350
-456
-445
-537
-612
-544
-536
-682
-763
-717
-707
-722
-649
-573
-583
-595
-566
-564
-576
-547
-525
-553
-575
-560
-537
-494
-413
-350
-357
-409
-457
-489
-486
-429
-349
-312
-321
-334
-345
-365
-362
-327
-306
-313
-324
-355
-406
-430
-429
-449
-441
-367
-315
-310
-239
-121
-89
-81
10
41
-86
-179
-156
-192
-264
-169
-8
-45
-200
-268
-330
-494
-594
-521
-457
-548
-664
-684
-686
-743
-761
-677
-608
-657
-736
-726
-664
-648
-639
-531
-343
-121
354
1427
3131
5156
7081
8238
7760
5320
1574
-2402
-5659
-7440
-7463
-6288
-4804
-3448
-2269
-1385
-858
-510
-227
-131
-223
-276
-181
-61
2
41
59
18
-50
-68
-13
57
89
108
150
166
134
138
222
304
351
420
511
547
510
460
459
497
522
546
635
760
832
879
983
1079
1087
1086
1159
1243
1302
1391
1508
1570
1570
1561
1545
1492
1420
1355
1281
1171
1039
914
786
627
452
292
122
-71
-224
-309
-377
-428
-436
-456
-525
-579
-598
-647
-707
-717
-710
-714
-672
-596
-564
-565
-558
-576
-619
-632
-618
-620
-624
-606
-559
-484
-400
-332
-272
-244
-283
-326
-306
-281
-299
-300
-279
-299
-313
-275
-281
-365
-410
-393
-395
-387
-322
-312
-408
-457
-348
-177
-53
17
44
-1
-88
-111
-37
14
-33
-104
-132
-159
-183
-165
-164
-236
-313
-350
-401
-465
-494
-542
-643
-712
-713
-721
-753
-749
-705
-695
-751
-812
-777
-674
-625
-580
-372
-62
290
1082
2756
5060
7350
9067
9441
7617
3708
-1027
-5227
-7979
-8725
-7610
-5603
-3671
-2165
-1166
-711
-576
-433
-263
-214
-233
-166
-71
-80
-125
-72
18
33
23
61
84
63
80
153
209
240
274
299
308
328
367
424
486
530
566
620
649
630
653
753
826
865
974
1114
1178
1245
1377
1452
1449
1510
1615
1655
1698
1805
1827
1718
1640
1631
1559
1428
1336
1259
1109
911
742
603
428
210
22
-118
-289
-474
-560
-558
-573
-581
-552
-586
-711
-782
-753
-715
-684
-631
-624
-699
-765
-750
-682
-610
-569
-561
-568
-583
-594
-557
-485
-454
-461
-436
-409
-419
-404
-341
-330
-374
-379
-359
-393
-430
-413
-406
-445
-459
-433
-424
-438
-442
-458
-490
-495
-457
-418
-401
-410
-449
-512
-558
-558
-505
-417
-311
-198
-89
-5
45
69
69
38
-8
-46
-70
-88
-85
-48
-37
-111
-217
-286
-367
-487
-541
-515
-550
-658
-689
-656
-673
-700
-660
-635
-671
-702
-728
-751
-681
-580
-587
-535
-216
213
824
2203
4467
6890
8807
9704
8668
5224
359
-4310
-7653
-8993
-8214
-6162
-3978
-2246
-1146
-669
-482
-293
-171
-164
-140
-119
-164
-166
-94
-71
-62
22
87
55
36
66
74
85
182
323
410
425
386
301
237
282
412
520
602
722
822
839
888
1001
985
799
696
754
815
876
1038
1184
1194
1187
1281
1403
1494
1576
1664
1735
1762
1742
1725
1715
1639
1489
1345
1188
964
734
547
342
109
-98
-282
-420
-444
-420
-463
-527
-552
-621
-730
-751
-679
-628
-598
-536
-461
-410
-385
-395
-407
-388
-371
-378
-350
-280
-233
-222
-230
-250
-237
-200
-215
-226
-111
-20
-153
-307
-245
-173
-250
-195
74
149
-83
-216
-128
-136
-261
-221
-81
-136
-310
-365
-391
-559
-707
-669
-622
-706
-755
-722
-796
-927
-855
-689
-712
-814
-767
-738
-863
-897
-744
-684
-791
-819
-715
-663
-658
-540
-338
-237
-252
-238
-171
-191
-303
-361
-347
-362
-344
-218
-114
-140
-206
-290
-450
-591
-607
-617
-707
-764
-742
-748
-783
-770
-722
-697
-705
-745
-752
-655
-554
-583
-579
-343
11
503
1631
3623
5963
7991
9180
8719
5991
1558
-3137
-6821
-8696
-8511
-6836
-4714
-2858
-1532
-792
-469
-280
-139
-97
-104
-71
-1
72
123
138
141
176
221
232
224
246
271
253
248
336
446
477
481
519
524
495
531
625
685
727
790
820
800
814
883
965
1057
1174
1279
1348
1405
1487
1597
1703
1763
1791
1804
1798
1784
1792
1799
1783
1761
1718
1613
1493
1391
1229
995
811
674
471
250
121
14
-150
-281
-324
-371
-458
-537
-591
-626
-654
-697
-721
-680
-647
-683
-680
-596
-565
-621
-630
-594
-615
-653
-614
-542
-497
-469
-460
-485
-511
-523
-517
-458
-352
-275
-250
-245
-266
-326
-379
-397
-396
-381
-346
-311
-281
-258
-256
-271
-287
-323
-366
-348
-273
-221
-181
-100
-19
14
58
116
103
14
-61
-93
-87
-30
39
46
-5
-75
-154
-216
-214
-195
-238
-328
-396
-450
-517
-559
-533
-481
-453
-441
-434
-463
-507
-512
-477
-410
-267
-28
359
1122
2526
4523
6689
8348
8701
7164
3860
-329
-4174
-6658
-7397
-6718
-5292
-3734
-2460
-1578
-922
-400
-123
-89
-101
-96
-124
-86
76
168
92
36
96
132
125
184
279
297
278
295
327
343
360
377
395
418
425
416
457
554
639
685
723
744
731
718
758
832
889
922
983
1076
1151
1197
1253
1289
1272
1269
1339
1408
1417
1394
1354
1277
1203
1147
1071
957
805
589
368
219
86
-107
-284
-400
-523
-644
-685
-692
-739
-783
-797
-839
-895
-913
-918
-936
-932
-903
-886
-883
-860
-814
-760
-734
-744
-759
-758
-759
-735
-647
-541
-498
-505
-514
-525
-548
-548
-501
-417
-352
-337
-328
-303
-345
-464
-523
-486
-493
-542
-488
-384
-381
-389
-280
-163
-139
-115
-50
-30
-89
-176
-252
-295
-325
-344
-304
-238
-286
-418
-468
-463
-534
-601
-576
-590
-714
-807
-809
-798
-798
-778
-752
-734
-746
-802
-811
-690
-573
-573
-525
-310
-50
372
1424
3251
5433
7450
8733
8449
6075
2124
-2202
-5778
-7832
-8057
-6848
-5061
-3372
-2036
-1123
-627
-400
-265
-201
-221
-220
-115
-10
16
48
118
135
120
165
225
215
203
243
267
255
291
381
425
386
366
411
438
409
434
517
525
473
524
662
755
830
964
1077
1111
1138
1199
1260
1318
1371
1417
1481
1555
1590
1611
1650
1629
1522
1449
1439
1388
1283
1204
1105
914
700
541
382
185
5
-115
-204
-299
-406
-497
-568
-649
-728
-746
-731
-765
-824
-836
-835
-854
-840
-780
-729
-691
-656
-645
-633
-580
-535
-524
-486
-420
-410
-434
-404
-340
-317
-320
-310
-287
-268
-255
-250
-253
-290
-369
-443
-462
-447
-419
-398
-418
-465
-469
-451
-469
-486
-465
-486
-561
-586
-538
-499
-484
-464
-435
-399
-363
-344
-277
-131
-13
14
47
83
3
-130
-148
-99
-99
-104
-61
-55
-131
-229
-291
-328
-373
-428
-435
-414
-469
-591
-646
-657
-734
-792
-715
-635
-674
-709
-630
-533
-518
-530
-437
-208
116
729
2092
4296
6784
8895
9999
9180
5923
1064
-3786
-7393
-9022
-8471
-6464
-4200
-2387
-1202
-648
-487
-374
-264
-239
-209
-112
-45
-21
15
29
-1
0
57
121
169
216
264
297
299
307
360
406
386
372
417
439
422
480
599
677
743
836
875
866
923
1027
1108
1224
1370
1427
1426
1493
1585
1636
1707
1806
1842
1842
1877
1923
1948
1952
1877
1720
1572
1454
1310
1169
1045
854
574
300
80
-91
-204
-273
-332
-376
-427
-526
-627
-662
-684
-727
-720
-648
-612
-631
-638
-637
-671
-697
-668
-621
-612
-609
-576
-540
-540
-525
-465
-442
-499
-528
-493
-501
-558
-537
-475
-504
-557
-510
-460
-480
-450
-355
-348
-410
-399
-358
-398
-454
-470
-519
-615
-649
-599
-544
-535
-555
-577
-591
-604
-603
-570
-531
-533
-557
-555
-531
-525
-543
-560
-545
-511
-472
-390
-240
-111
-52
10
88
80
20
14
11
-69
-129
-116
-110
-105
-50
-49
-150
-237
-290
-391
-451
-402
-405
-539
-648
-689
-738
-752
-677
-591
-530
-491
-543
-638
-597
-494
-519
-516
-252
100
473
1375
3163
5416
7526
9030
9139
7046
3044
-1551
-5469
-7876
-8293
-7014
-5068
-3282
-1880
-955
-530
-321
-89
33
-10
-7
90
115
93
134
175
163
184
216
181
158
214
238
234
319
416
385
350
428
488
464
506
623
657
612
641
744
821
865
937
1015
1037
1031
1087
1196
1279
1334
1408
1460
1472
1514
1579
1576
1548
1571
1565
1479
1438
1459
1403
1281
1206
1100
880
659
504
319
107
-48
-182
-350
-475
-523
-563
-622
-657
-676
-705
-725
-706
-674
-680
-727
-759
-761
-763
-746
-671
-612
-626
-631
-585
-571
-572
-499
-430
-474
-526
-508
-518
-546
-465
-350
-344
-365
-322
-327
-400
-397
-319
-312
-366
-380
-375
-417
-450
-414
-372
-410
-483
-502
-485
-495
-484
-435
-446
-523
-522
-456
-463
-501
-474
-507
-645
-675
-551
-502
-528
-435
-288
-266
-261
-148
-59
-72
-50
37
75
46
18
-26
-90
-103
-42
1
-34
-117
-217
-359
-498
-539
-507
-534
-609
-639
-652
-703
-709
-649
-620
-626
-589
-568
-607
-593
-493
-450
-444
-321
-92
227
940
2332
4268
6349
8047
8556
7165
3961
-171
-4133
-6946
-7987
-7353
-5809
-4136
-2706
-1618
-902
-481
-205
-10
43
-30
-92
-55
17
61
100
158
200
192
153
144
183
220
229
263
313
314
284
294
331
360
402
473
552
630
667
643
625
655
682
745
912
1079
1114
1111
1164
1209
1241
1347
1471
1514
1523
1543
1526
1505
1535
1555
1507
1460
1438
1371
1245
1129
1039
925
750
559
408
263
52
-156
-254
-306
-420
-522
-533
-554
-662
-753
-759
-751
-768
-752
-686
-631
-637
-671
-672
-650
-665
-678
-614
-527
-503
-464
-357
-294
-324
-341
-331
-366
-399
-340
-257
-240
-262
-282
-317
-353
-347
-304
-279
-296
-340
-391
-447
-477
-465
-451
-452
-406
-342
-358
-421
-432
-448
-522
-538
-460
-446
-516
-523
-476
-488
-506
-472
-456
-472
-441
-387
-386
-420
-458
-505
-514
-447
-337
-225
-112
4
143
290
347
286
196
91
-54
-127
-42
48
27
-13
-25
-101
-220
-285
-309
-358
-427
-502
-561
-565
-542
-557
-569
-524
-496
-547
-590
-537
-445
-422
-445
-358
-88
292
955
2347
4514
6864
8756
9610
8614
5359
673
-3940
-7302
-8740
-8148
-6236
-4055
-2269
-1122
-609
-425
-268
-153
-134
-93
-19
-14
-39
1
62
104
166
244
275
263
246
246
270
314
356
400
442
463
467
494
542
571
586
641
722
760
753
787
863
906
945
1070
1206
1251
1300
1444
1550
1550
1574
1657
1686
1697
1784
1885
1900
1861
1809
1740
1656
1551
1415
1286
1155
969
754
570
364
106
-114
-243
-334
-392
-420
-484
-586
-653
-695
-727
-696
-651
-716
-815
-800
-735
-727
-703
-635
-646
-734
-749
-673
-621
-624
-612
-572
-563
-595
-583
-510
-486
-545
-559
-519
-542
-577
-497
-404
-420
-443
-405
-413
-458
-443
-429
-508
-597
-641
-682
-700
-666
-667
-716
-725
-713
-728
-683
-571
-544
-607
-612
-585
-628
-649
-549
-468
-512
-572
-553
-541
-583
-592
-525
-509
-598
-634
-536
-479
-533
-529
-453
-487
-559
-465
-329
-366
-433
-377
-338
-383
-345
-238
-240
-309
-289
-245
-269
-252
-117
9
64
149
275
315
290
336
423
410
327
267
188
59
-2
33
46
1
-47
-130
-264
-348
-339
-337
-364
-356
-339
-360
-352
-276
-231
-275
-296
-253
-272
-351
-248
121
675
1667
3497
5909
8101
9436
9340
7135
2938
-1932
-5984
-8358
-8691
-7238
-4980
-2906
-1418
-574
-255
-136
-21
17
-6
41
110
118
167
295
374
383
404
405
352
335
397
461
512
571
594
570
579
626
649
672
735
775
779
828
923
982
1018
1069
1096
1087
1116
1197
1282
1358
1438
1512
1572
1627
1715
1848
1949
1951
1941
1975
1960
1895
1922
1992
1918
1748
1635
1501
1264
1050
927
767
536
323
140
-53
-229
-364
-465
-538
-579
-597
-597
-613
-666
-728
-771
-790
-741
-631
-560
-570
-583
-590
-640
-668
-601
-524
-506
-483
-429
-421
-449
-453
-451
-480
-500
-495
-495
-503
-492
-491
-522
-554
-542
-498
-452
-428
-425
-448
-502
-547
-530
-487
-488
-517
-531
-556
-586
-567
-515
-511
-544
-560
-564
-562
-526
-489
-487
-497
-507
-544
-573
-556
-539
-558
-548
-507
-510
-546
-545
-544
-586
-576
-454
-321
-218
-69
86
124
106
153
184
105
40
62
28
-98
-147
-121
-189
-319
-355
-372
-501
-637
-661
-667
-704
-693
-626
-587
-592
-637
-689
-652
-547
-509
-469
-286
-57
251
1089
2665
4617
6550
8022
8143
6279
2892
-1012
-4584
-6967
-7562
-6708
-5307
-3885
-2588
-1585
-962
-577
-301
-146
-140
-184
-132
19
108
86
63
69
33
-3
33
84
90
94
117
142
183
266
355
411
430
429
421
419
427
475
576
679
730
761
802
820
804
828
925
1026
1075
1124
1215
1290
1306
1337
1416
1454
1423
1424
1460
1438
1388
1392
1378
1282
1179
1100
977
827
694
544
358
177
-9
-190
-294
-342
-424
-495
-500
-550
-698
-791
-778
-784
-822
-788
-735
-760
-799
-776
-744
-733
-709
-678
-655
-599
-523
-491
-499
-501
-516
-557
-557
-491
-433
-418
-402
-372
-371
-385
-373
-376
-438
-474
-427
-399
-446
-454
-412
-448
-520
-480
-418
-487
-591
-603
-598
-620
-589
-540
-583
-683
-754
-790
-798
-771
-746
-739
-729
-709
-678
-627
-602
-633
-654
-608
-528
-418
-261
-121
-50
2
74
132
160
166
133
75
37
22
-5
-52
-115
-184
-255
-323
-383
-429
-503
-600
-629
-587
-597
-639
-591
-522
-564
-605
-509
-401
-417
-444
-331
-88
275
999
2425
4520
6770
8588
9352
8259
4979
385
-4076
-7366
-8848
-8270
-6314
-4188
-2505
-1278
-596
-420
-335
-124
-8
-41
-5
114
145
113
129
168
181
198
222
244
283
313
286
275
343
407
401
414
490
530
523
596
747
829
819
844
912
940
975
1105
1233
1243
1206
1225
1262
1303
1426
1613
1740
1777
1788
1802
1801
1799
1839
1921
1962
1905
1808
1728
1606
1408
1221
1065
835
541
313
160
-27
-243
-412
-542
-663
-736
-744
-742
-787
-883
-975
-981
-912
-847
-786
-711
-709
-793
-809
-721
-676
-666
-571
-488
-549
-618
-578
-556
-598
-567
-482
-485
-537
-523
-483
-463
-418
-353
-329
-331
-331
-342
-358
-359
-375
-408
-402
-360
-348
-361
-376
-427
-512
-539
-488
-447
-451
-445
-441
-485
-530
-510
-475
-493
-528
-525
-505
-483
-430
-363
-353
-399
-449
-488
-499
-432
-329
-297
-327
-327
-324
-366
-354
-234
-161
-214
-227
-96
33
79
169
339
446
469
544
666
650
466
289
200
119
29
-9
-39
-142
-280
-380
-446
-499
-546
-597
-629
-621
-609
-607
-581
-570
-608
-587
-463
-401
-402
-221
172
671
1610
3400
5732
7884
9317
9356
7234
3118
-1709
-5894
-8505
-9006
-7661
-5524
-3493
-1908
-961
-636
-505
-289
-179
-258
-263
-133
-72
-77
28
179
204
150
150
172
164
177
231
271
290
305
311
325
375
422
445
484
544
584
620
680
746
801
859
916
982
1068
1136
1178
1270
1411
1500
1539
1616
1698
1723
1773
1904
2002
1990
1943
1915
1867
1783
1701
1644
1579
1456
1281
1094
872
584
297
87
-78
-241
-383
-497
-602
-663
-671
-693
-747
-784
-836
-929
-966
-896
-842
-853
-818
-728
-716
-758
-722
-651
-663
-675
-576
-469
-465
-479
-452
-465
-525
-524
-471
-485
-567
-614
-606
-586
-538
-447
-380
-381
-405
-403
-391
-388
-388
-389
-408
-443
-466
-466
-470
-497
-508
-483
-470
-482
-465
-428
-456
-532
-565
-561
-577
-562
-481
-426
-450
-490
-511
-528
-517
-472
-450
-465
-471
-463
-456
-429
-395
-383
-383
-386
-406
-402
-328
-225
-135
-25
101
179
205
233
259
243
164
63
7
-4
-30
-58
-45
-56
-144
-211
-219
-281
-404
-462
-477
-524
-529
-446
-403
-456
-505
-500
-487
-485
-471
-387
-178
183
837
2059
3895
5987
7815
8747
8029
5353
1340
-2854
-6164
-7834
-7690
-6334
-4636
-3098
-1887
-1069
-568
-234
-49
-36
-101
-112
-28
101
184
187
162
144
130
153
228
286
287
288
302
292
289
334
384
411
458
526
569
595
625
640
646
685
756
833
914
983
1010
1010
1036
1107
1202
1307
1408
1470
1488
1508
1557
1601
1625
1655
1665
1618
1569
1569
1537
1429
1317
1200
1007
797
659
520
326
171
73
-66
-242
-368
-468
-593
-686
-696
-691
-721
-756
-761
-761
-774
-781
-762
-737
-732
-736
-728
-707
-687
-674
-662
-635
-596
-587
-616
-618
-574
-566
-601
-577
-509
-516
-558
-514
-451
-485
-530
-501
-483
-512
-496
-429
-392
-388
-400
-458
-538
-578
-575
-556
-518
-479
-483
-536
-595
-612
-588
-581
-604
-600
-574
-590
-625
-614
-596
-623
-645
-603
-507
-394
-319
-286
-203
-62
26
81
212
312
228
88
56
27
-93
-184
-184
-205
-294
-372
-406
-451
-551
-662
-707
-711
-757
-801
-743
-657
-662
-698
-653
-584
-579
-564
-429
-186
176
887
2228
4167
6308
8065
8733
7662
4746
652
-3516
-6681
-8153
-7929
-6597
-4840
-3145
-1848
-1051
-586
-288
-163
-172
-179
-138
-101
-66
-6
61
129
201
240
222
184
156
138
157
218
265
276
300
342
369
406
475
531
558
595
640
662
680
719
773
852
954
1049
1138
1239
1322
1365
1412
1484
1541
1564
1594
1645
1686
1696
1698
1722
1743
1706
1625
1553
1463
1311
1146
1030
912
733
520
313
110
-85
-253
-371
-428
-462
-524
-588
-605
-629
-709
-770
-752
-728
-735
-713
-668
-664
-688
-691
-679
-662
-627
-595
-581
-551
-506
-491
-503
-496
-473
-479
-509
-504
-438
-379
-372
-356
-304
-305
-380
-407
-359
-341
-354
-323
-303
-365
-438
-460
-477
-489
-459
-443
-488
-537
-552
-565
-564
-519
-469
-453
-453
-462
-478
-475
-457
-475
-514
-509
-466
-445
-432
-376
-303
-281
-272
-181
-26
77
128
220
320
287
152
77
72
16
-70
-71
-44
-129
-268
-316
-315
-401
-548
-634
-651
-661
-651
-589
-533
-582
-713
-767
-656
-526
-515
-479
-237
150
771
2108
4315
6763
8694
9577
8708
5580
873
-3859
-7355
-8957
-8494
-6560
-4288
-2459
-1274
-708
-534
-398
-215
-127
-106
-50
-20
-51
-41
20
54
69
105
141
168
205
240
266
300
332
353
396
450
477
496
546
598
626
655
697
747
794
824
863
944
999
990
1043
1210
1339
1403
1555
1733
1742
1702
1819
1952
1939
1930
1998
1968
1828
1771
1790
1722
1579
1463
1330
1115
887
698
480
207
-28
-171
-303
-452
-552
-616
-723
-814
-796
-754
-791
-833
-821
-821
-837
-801
-738
-708
-707
-722
-748
-734
-687
-673
-654
-573
-525
-569
-591
-547
-538
-565
-535
-484
-489
-499
-469
-434
-414
-403
-417
-437
-422
-385
-350
-318
-317
-375
-435
-435
-404
-382
-360
-360
-419
-502
-537
-527
-534
-563
-560
-527
-517
-522
-491
-464
-508
-577
-592
-572
-560
-524
-450
-407
-434
-466
-444
-401
-373
-318
-214
-115
-46
56
190
238
170
104
86
34
-42
-28
37
20
-42
-37
-30
-117
-223
-276
-328
-391
-433
-479
-531
-540
-540
-559
-523
-452
-495
-617
-625
-529
-496
-494
-359
-94
243
892
2242
4292
6555
8432
9269
8289
5206
804
-3581
-6853
-8316
-7855
-6186
-4292
-2672
-1475
-797
-487
-257
-97
-113
-175
-124
-12
82
147
146
87
57
87
142
218
298
322
283
247
249
274
300
318
336
380
445
495
526
568
617
642
647
676
730
783
842
946
1085
1191
1241
1288
1368
1443
1494
1561
1641
1673
1666
1696
1754
1768
1736
1697
1628
1507
1386
1308
1234
1106
930
740
531
297
89
-37
-127
-239
-336
-381
-434
-529
-610
-656
-699
-719
-686
-634
-600
-578
-571
-583
-601
-626
-656
-650
-600
-546
-496
-447
-443
-474
-465
-413
-379
-362
-338
-342
-385
-404
-365
-313
-290
-289
-285
-285
-308
-334
-323
-300
-328
-386
-407
-407
-426
-429
-383
-356
-406
-484
-524
-535
-529
-472
-361
-249
-168
-99
-25
30
47
35
9
-40
-118
-183
-183
-150
-147
-160
-159
-190
-279
-360
-402
-472
-590
-684
-713
-710
-705
-701
-695
-687
-677
-666
-656
-628
-582
-571
-593
-536
-361
-118
369
1459
3201
5259
7198
8353
7864
5420
1656
-2403
-5760
-7567
-7605
-6488
-4977
-3483
-2254
-1419
-857
-441
-213
-154
-153
-172
-175
-104
-42
-78
-105
-42
-10
-42
-1
106
135
123
193
271
249
223
279
330
329
366
438
451
431
471
528
530
558
667
760
793
862
963
986
971
1037
1145
1223
1328
1474
1548
1556
1597
1627
1573
1518
1505
1437
1320
1275
1271
1178
1008
847
670
438
218
73
-35
-154
-258
-318
-374
-467
-565
-623
-649
-652
-634
-621
-634
-660
-707
-765
-778
-759
-791
-838
-815
-799
-854
-858
-769
-726
-726
-644
-547
-545
-535
-445
-389
-390
-347
-289
-297
-320
-309
-318
-351
-348
-325
-332
-361
-382
-398
-421
-449
-460
-449
-459
-500
-514
-494
-487
-482
-444
-423
-452
-478
-488
-512
-517
-488
-488
-517
-513
-503
-517
-493
-425
-392
-367
-274
-164
-93
-2
117
173
156
127
75
-26
-135
-189
-168
-111
-90
-110
-126
-159
-240
-280
-225
-195
-267
-371
-476
-595
-651
-597
-512
-452
-429
-510
-668
-709
-592
-513
-497
-356
-78
293
1096
2721
4970
7243
8961
9419
7876
4328
-247
-4562
-7551
-8572
-7738
-5894
-3918
-2282
-1205
-684
-435
-222
-93
-84
-73
-18
4
9
55
102
114
147
195
186
155
191
249
251
260
319
344
336
399
517
575
584
604
613
603
633
712
783
830
878
942
1028
1125
1219
1315
1413
1476
1500
1525
1570
1632
1703
1761
1792
1814
1813
1771
1743
1745
1686
1535
1368
1206
1016
841
701
537
356
216
80
-83
-206
-298
-447
-599
-629
-588
-591
-606
-593
-642
-777
-877
-890
-889
-884
-830
-772
-764
-742
-681
-659
-661
-599
-539
-571
-588
-513
-488
-552
-543
-468
-495
-563
-507
-430
-459
-454
-341
-295
-356
-358
-315
-370
-438
-391
-348
-422
-489
-469
-469
-523
-541
-522
-553
-616
-617
-557
-524
-532
-523
-509
-544
-582
-572
-577
-620
-604
-527
-493
-502
-495
-519
-594
-624
-592
-583
-592
-572
-557
-571
-574
-557
-529
-491
-450
-393
-287
-186
-133
-30
146
228
195
219
275
196
67
45
37
-68
-160
-169
-169
-192
-216
-254
-292
-333
-444
-581
-602
-558
-602
-646
-543
-438
-495
-562
-457
-322
-356
-411
-203
211
686
1598
3443
5896
8119
9578
9707
7657
3437
-1549
-5740
-8293
-8805
-7440
-5177
-3075
-1587
-767
-456
-307
-153
-66
-4
93
115
71
123
214
210
205
267
271
224
255
328
355
384
437
461
474
511
520
519
580
673
728
775
835
860
865
911
992
1069
1140
1211
1274
1342
1424
1508
1569
1603
1640
1709
1784
1843
1910
1968
1962
1946
2003
2048
1988
1904
1829
1652
1411
1257
1111
830
540
374
209
-1
-114
-146
-263
-429
-505
-521
-552
-567
-568
-626
-726
-791
-804
-764
-675
-601
-602
-631
-635
-640
-647
-600
-535
-544
-584
-552
-499
-510
-513
-451
-430
-486
-495
-425
-386
-379
-323
-269
-311
-379
-373
-330
-314
-305
-308
-371
-472
-530
-534
-530
-547
-584
-616
-622
-616
-608
-573
-530
-539
-571
-554
-521
-534
-550
-525
-497
-487
-472
-460
-469
-481
-475
-461
-455
-465
-477
-474
-453
-415
-356
-313
-329
-361
-352
-322
-281
-194
-89
-28
21
98
166
207
233
206
119
48
19
-15
-44
-56
-112
-215
-281
-320
-401
-487
-526
-565
-610
-608
-591
-610
-618
-595
-601
-601
-510
-416
-417
-386
-209
47
488
1491
3211
5328
7326
8587
8331
6092
2310
-1881
-5341
-7317
-7568
-6490
-4877
-3359
-2155
-1290
-736
-394
-189
-139
-181
-171
-87
-19
36
102
119
87
112
181
191
166
191
225
223
233
273
298
309
338
385
423
447
460
459
454
484
567
651
700
765
857
909
932
1012
1106
1118
1116
1202
1308
1368
1438
1523
1544
1518
1515
1528
1524
1500
1441
1350
1259
1174
1079
981
866
704
516
324
107
-93
-220
-315
-416
-456
-449
-493
-572
-608
-654
-746
-802
-807
-828
-839
-806
-783
-781
-740
-693
-682
-659
-620
-623
-633
-608
-606
-629
-588
-511
-472
-419
-326
-309
-379
-412
-407
-452
-497
-462
-411
-415
-420
-397
-416
-497
-543
-507
-466
-468
-451
-410
-428
-497
-515
-492
-512
-545
-524
-510
-554
-594
-601
-621
-638
-618
-608
-645
-687
-713
-723
-690
-622
-569
-522
-469
-438
-402
-301
-197
-158
-116
-35
-26
-110
-169
-185
-240
-303
-310
-311
-378
-471
-526
-547
-574
-617
-663
-703
-743
-777
-787
-760
-706
-660
-673
-695
-643
-596
-666
-679
-420
4
571
1723
3675
5931
7886
9105
8829
6393
2251
-2279
-6046
-8256
-8481
-7104
-5109
-3231
-1792
-947
-566
-326
-160
-146
-161
-94
-55
-65
-1
103
122
111
157
202
194
199
244
278
281
299
349
398
417
416
409
403
418
477
553
614
669
721
753
805
921
1053
1135
1203
1282
1331
1360
1441
1545
1596
1620
1670
1703
1693
1711
1780
1812
1769
1722
1703
1637
1503
1366
1245
1056
800
580
424
248
48
-106
-213
-331
-455
-551
-615
-654
-679
-712
-737
-741
-759
-807
-816
-780
-771
-787
-748
-680
-663
-676
-657
-635
-641
-616
-520
-431
-421
-445
-451
-484
-551
-553
-468
-409
-402
-366
-324
-364
-428
-419
-372
-357
-346
-324
-335
-388
-412
-376
-335
-352
-401
-439
-482
-532
-522
-458
-445
-489
-490
-447
-426
-427
-433
-478
-537
-549
-521
-482
-430
-416
-456
-468
-426
-405
-394
-349
-332
-369
-366
-328
-343
-373
-357
-361
-391
-365
-308
-287
-240
-144
-71
-5
109
190
203
242
316
327
297
293
259
158
55
-24
-97
-140
-152
-177
-215
-266
-363
-477
-535
-554
-583
-587
-541
-506
-518
-523
-446
-355
-383
-443
-265
156
735
1855
3896
6374
8466
9709
9471
6938
2435
-2473
-6404
-8634
-8743
-7072
-4795
-2855
-1496
-766
-544
-437
-258
-154
-135
-83
-36
-31
7
67
110
179
246
232
215
280
341
342
370
438
460
432
426
459
500
508
486
500
565
585
571
649
803
888
928
1035
1155
1182
1179
1256
1389
1495
1582
1702
1841
1918
1945
2005
2083
2085
2046
2045
2040
1969
1881
1792
1656
1478
1292
1080
851
619
367
127
-29
-148
-291
-403
-475
-598
-723
-740
-728
-777
-792
-762
-800
-846
-772
-699
-738
-750
-685
-697
-746
-666
-549
-568
-625
-602
-583
-597
-540
-434
-395
-412
-415
-440
-497
-513
-469
-433
-416
-364
-305
-337
-443
-497
-475
-480
-515
-471
-375
-383
-473
-481
-405
-409
-499
-536
-512
-554
-643
-627
-514
-480
-543
-554
-507
-539
-611
-594
-538
-543
-547
-511
-507
-536
-531
-525
-516
-443
-372
-402
-436
-404
-409
-441
-377
-295
-329
-387
-386
-414
-457
-438
-423
-455
-415
-288
-164
-16
171
255
219
211
247
237
203
185
141
73
38
28
8
-39
-129
-239
-307
-339
-374
-401
-408
-423
-434
-427
-425
-429
-426
-469
-548
-529
-411
-366
-374
-243
24
359
1059
2485
4513
6666
8416
9035
7767
4548
251
-3893
-6814
-7891
-7240
-5637
-3887
-2422
-1402
-822
-473
-177
18
35
-8
6
37
52
110
199
245
241
221
178
152
202
293
370
445
498
483
453
468
483
481
517
572
591
613
659
682
699
773
861
925
1015
1118
1160
1187
1273
1350