0.924
1.708										
2.5										
3.264										
4.016										
4.8										
5.608										
6.388										
7.224										
8.056										
8.808										
9.564										
10.344										
11.12										
11.896										
12.768										
13.68										
14.452										
15.256										
16.072										
16.852										
17.628										
18.408										
19.18										
19.928										
20.712										
21.428										
22.14										
22.896										
23.644										
24.332										
25.072										
25.8										
26.528										
27.26										
27.976										
28.688										
29.352										
30.016										
30.7										
31.392										
32.056										
32.76										
33.484										
34.204										
34.9										
35.608										
36.32										
36.996										
37.688										
38.408										
39.1										
39.78										
40.508										
41.244										
41.944										
42.676										
43.408										
44.12										
44.82										
45.516										
46.224										
46.904										
47.588										
48.296										
48.988										
49.672										
50.408										
51.184										
51.896										
52.632										
53.404										
54.172										
54.896										
55.664										
56.46										
57.192										
57.924										
58.652										
59.356										
60.052										
60.784										
61.572										
62.276										
62.964										
63.7										
64.484										
65.256										
66.048										
66.924										
67.72										
68.496										
69.32										
70.14										
70.908										
71.68										
72.48										
73.208										
73.984										
74.816										
75.64										
76.42										
77.256										
78.116										
