0.236
0.988										
1.76										
2.488										
3.26										
4.044										
4.808										
5.524										
6.276										
7.052										
7.792										
8.576										
9.348										
10.08										
10.844										
11.608										
12.4										
13.14										
13.916										
14.72										
15.46										
16.256										
17.052										
17.792										
18.552										
19.332										
20.152										
20.888										
21.632										
22.384										
23.124										
23.872										
24.668										
25.452										
26.2										
26.996										
27.836										
28.592										
29.332										
30.096										
30.852										
31.58										
32.356										
33.132										
33.892										
34.676										
35.5										
36.256										
37.012										
37.788										
38.568										
39.324										
40.104										
40.896										
41.632										
42.388										
43.184										
43.972										
44.704										
45.472										
46.264										
47.016										
47.792										
48.564										
49.3										
50.072										
50.908										
51.668										
52.392										
53.136										
53.892										
54.632										
55.384										
56.136										
56.856										
57.592										
58.36										
59.116										
59.828										
60.56										
61.324										
62.068										
62.856										
63.632										
64.384										
65.112										
65.864										
66.632										
67.344										
68.064										
68.808										
69.56										
70.308										
71.104										
71.896										
72.628										
73.38										
74.156										
74.896										
75.624										
76.372										
77.148										
77.888										
78.644										
79.4										
80.128										
80.872										
81.64										
82.448										
83.216										
84.04										
84.884										
85.668										
86.464										
87.248										
87.992										
88.736										
89.504										
90.308										
91.036										
91.792										
92.6										
93.412										
94.156										
94.924										
95.708										
96.448										
97.224										
98.052										
98.836										
99.592										
100.372										
101.184										
101.94										
102.684										
103.432										
104.156										
104.884										
105.66										
106.412										
107.116										
107.848										
108.604										
109.416										
110.132										
110.864										
111.62										
112.344										
113.104										
113.852										
114.58										
115.34										
116.116										
116.912										
117.636										
118.368										
119.116										
119.856										
120.628										
121.384										
122.132										
122.844										
123.6										
124.392										
125.136										
125.876										
126.648										
127.416										
128.156										
128.936										
129.708										
130.452										
131.208										
132.028										
132.796										
133.528										
134.296										
135.088										
135.856										
136.62										
137.404										
138.196										
138.944										
139.74										
140.528										
141.268										
142.016										
142.788										
143.576										
144.3										
145.044										
145.796										
146.588										
147.328										
148.056										
148.808										
149.576										
150.3										
151.076										
151.828										
152.56										
153.288										
154.036										
154.836										
155.56										
156.308										
157.076										
157.84										
158.552										
159.28										
160.02										
160.732										
161.468										
162.248										
163.012										
163.72										
164.452										
165.192										
165.944										
166.664										
167.412										
168.164										
168.892										
169.636										
170.416										
171.22										
171.964										
172.744										
173.536										
174.308										
175.056										
175.848										
176.648										
177.408										
178.164										
178.952										
179.712										
180.492										
181.308										
182.1										
182.82										
183.572										
184.34										
185.128										
185.872										
186.648										
187.444										
188.18										
188.952										
189.724										
190.472										
191.228										
192.024										
192.868										
193.648										
194.428										
195.204										
195.948										
196.72										
197.472										
198.2										
198.912										
199.652										
200.456										
201.184										
201.924										
202.696										
203.46										
204.224										
204.984										
205.744										
206.456										
207.212										
208										
208.732										
209.456										
210.216										
210.996										
211.732										
212.5										
213.268										
214.032										
214.76										
215.528										
216.32										
217.04										
217.76										
218.504										
219.26										
219.996										
220.74										
221.468										
222.156										
222.876										
223.64										
224.356										
225.032										
225.684										
226.372										
227.104										
227.884										
228.596										
229.348										
230.124										
