0.58
1.236										
1.908										
2.608										
3.32										
4.016										
4.768										
5.572										
6.34										
7.132										
7.968										
8.788										
9.536										
10.292										
11.088										
11.884										
12.62										
13.408										
14.288										
15.16										
15.92										
16.74										
17.592										
18.332										
19.112										
19.928										
20.74										
21.48										
22.32										
23.208										
24.052										
24.824										
25.62										
26.376										
27.064										
27.744										
28.444										
29.28										
30.004										
30.736										
31.568										
32.412										
33.176										
33.992										
34.808										
35.592										
36.388										
37.244										
38.096										
38.872										
39.696										
40.528										
41.328										
42.1										
42.888										
43.668										
44.48										
45.332										
46.168										
46.932										
47.764										
48.632										
49.392										
50.172										
50.988										
51.792										
52.572										
53.364										
54.12										
54.864										
55.696										
56.572										
57.316										
58.18										
59.028										
59.856										
60.712										
61.552										
62.316										
63.1										
63.964										
64.756										
65.488										
66.304										
67.164										
67.952										
68.788										
69.644										
70.42										
71.264										
72.084										
72.828										
73.616										
74.424										
75.188										
75.968										
76.776										
77.532										
78.316										
79.176										
79.956										
80.688										
81.452										
82.236										
82.98										
83.764										
84.56										
85.3										
86.08										
86.9										
87.716										
88.476										
89.268										
90.016										
90.76										
91.556										
92.308										
93.032										
93.844										
94.696										
95.472										
96.312										
97.168										
97.944										
98.808										
99.664										
100.424										
101.244										
102.1										
102.872										
103.656										
104.448										
105.188										
105.972										
106.78										
107.556										
108.348										
109.164										
110.016										
110.796										
111.612										
112.424										
113.2										
114.044										
114.86										
115.608										
116.42										
117.268										
118.052										
118.824										
119.62										
120.416										
121.192										
122.008										
122.8										
123.544										
124.352										
125.188										
125.94										
126.728										
127.536										
128.296										
129.096										
129.88										
130.612										
131.36										
132.14										
132.944										
133.72										
134.52										
135.344										
136.132										
136.992										
137.82										
138.56										
139.324										
140.12										
140.908										
141.616										
142.356										
143.152										
143.904										
144.72										
145.528										
146.288										
147.068										
147.88										
148.68										
149.484										
150.272										
151.02										
151.768										
152.536										
153.276										
153.984										
154.72										
155.524										
156.316										
157.164										
158.004										
158.768										
159.564										
160.384										
161.108										
161.828										
162.556										
163.308										
164.048										
164.844										
165.636										
166.38										
167.144										
167.972										
168.756										
169.504										
170.288										
171.076										
171.832										
172.656										
173.516										
174.304										
175.14										
176										
176.8										
177.572										
178.4										
179.248										
180.048										
180.856										
181.668										
182.416										
183.2										
184.02										
184.8										
185.6										
186.428										
187.26										
188.076										
188.892										
189.696										
190.44										
191.224										
192.08										
192.868										
193.68										
194.516										
195.308										
196.148										
196.952										
197.704										
198.484										
199.324										
200.14										
200.88										
201.68										
202.508										
203.304										
204.12										
204.932										
205.692										
206.488										
207.328										
208.112										
208.844										
209.64										
210.488										
211.272										
212.04										
212.848										
213.636										
214.42										
215.22										
215.996										
216.744										
217.52										
218.328										
219.088										
219.844										
220.6										
221.324										
222.096										
222.916										
223.676										
224.432										
225.216										
225.976										
226.74										
227.52										
228.3										
229.032										
229.808										
230.624										
231.392										
232.164										
232.956										
233.732										
234.504										
235.292										
236.052										
236.776										
237.54										
238.344										
239.116										
239.88										
240.668										
241.472										
242.232										
243.024										
243.816										
244.564										
245.336										
246.116										
246.84										
247.584										
248.344										
249.104										
249.868										
250.644										
251.42										
252.156										
252.94										
253.74										
254.48										
255.212										
255.972										
256.748										
257.492										
258.244										
258.956										
259.644										
260.352										
261.1										
261.836										
262.524										
263.236										
263.952										
264.656										
265.392										
266.128										
266.824										
267.476										
268.092										
268.724										
269.412										
270.2										
271.036										
271.792										
272.568										
273.38										
274.208										
274.96										
275.74										
276.516										
277.3										
278.04										
278.796										
279.556										
280.332										
281.06										
281.824										
282.62										
283.368										
284.148										
284.96										
285.736										
286.504										
287.316										
288.12										
288.852										
289.604										
290.42										
