0.592
1.372										
2.212										
3.056										
3.812										
4.668										
5.524										
6.34										
7.24										
8.164										
8.976										
9.812										
10.684										
11.552										
12.404										
13.28										
14.14										
14.92										
15.756										
16.648										
17.432										
18.204										
19.04										
19.88										
20.628										
21.496										
22.404										
23.18										
24.04										
24.936										
25.696										
26.412										
27.224										
28.132										
29.008										
29.76										
30.6										
31.484										
32.4										
33.172										
34.004										
34.884										
35.708										
36.54										
37.4										
38.188										
39.012										
39.896										
40.736										
41.48										
42.304										
43.172										
43.936										
44.692										
45.408										
46.204										
47.148										
48.004										
48.776										
49.644										
50.548										
51.376										
52.216										
53.072										
53.84										
54.684										
55.536										
56.3										
57.072										
57.9										
58.776										
59.524										
60.348										
61.196										
61.98										
62.824										
63.672										
64.44										
65.264										
66.136										
66.968										
67.756										
68.612										
69.424										
70.22										
71.076										
71.92										
72.68										
73.536										
74.428										
75.188										
76.004										
76.864										
77.656										
78.468										
79.3										
80.064										
80.876										
81.72										
82.512										
83.3										
84.108										
84.908										
85.68										
86.532										
87.348										
88.092										
88.92										
89.772										
90.56										
91.368										
92.208										
92.98										
93.808										
94.664										
95.46										
96.252										
97.112										
98.008										
98.76										
99.576										
100.44										
101.22										
102.052										
102.88										
103.628										
104.432										
105.284										
106.064										
106.84										
107.676										
108.516										
109.296										
110.156										
110.98										
111.72										
112.52										
113.344										
114.116										
114.884										
115.684										
116.472										
117.268										
118.072										
118.892										
119.688										
120.524										
121.38										
122.132										
122.916										
123.72										
124.48										
125.304										
126.156										
126.96										
127.788										
128.64										
129.444										
130.24										
131.044										
131.816										
132.616										
133.436										
134.216										
134.968										
135.756										
136.588										
137.356										
138.208										
139.06										
139.836										
140.652										
141.476										
142.236										
142.996										
143.78										
144.584										
145.34										
146.152										
146.984										
147.752										
148.584										
149.412										
150.148										
150.9										
151.676										
152.468										
153.204										
153.988										
154.788										
155.54										
156.372										
157.236										
158										
158.792										
159.608										
160.408										
161.22										
162.024										
162.78										
163.576										
164.396										
165.164										
165.936										
166.736										
167.56										
168.344										
169.152										
169.968										
170.736										
171.556										
172.42										
173.196										
173.988										
174.808										
175.616										
176.428										
177.252										
178.076										
178.856										
179.7										
180.52										
181.268										
182.064										
182.904										
183.74										
184.556										
185.38										
186.148										
186.952										
187.816										
188.608										
189.372										
190.152										
190.964										
191.708										
192.504										
193.356										
194.136										
194.976										
195.784										
196.52										
197.296										
198.092										
198.872										
199.656										
200.448										
201.232										
201.996										
202.844										
203.664										
204.412										
205.196										
205.992										
206.752										
207.508										
208.304										
209.084										
209.864										
210.712										
211.544										
212.324										
213.14										
213.972										
214.736										
215.556										
216.376										
217.132										
217.92										
218.736										
219.48										
220.252										
221.04										
221.792										
222.592										
223.392										
224.136										
224.888										
225.676										
226.488										
227.224										
227.984										
228.76										
229.508										
230.308										
231.124										
231.872										
232.636										
233.436										
